2.499999999999999887e-07 1.378990949999999938e+00
2.599999999999999988e-07 1.415222009999999919e+00
2.700000000000000090e-07 1.640066800000000047e+00
2.800000000000000191e-07 2.035218669999999896e+00
2.899999999999999763e-07 2.369559450000000123e+00
2.999999999999999864e-07 2.487822089999999875e+00
3.099999999999999966e-07 2.477855190000000096e+00
3.200000000000000067e-07 2.430985020000000052e+00
3.300000000000000168e-07 2.381276249999999983e+00
3.400000000000000270e-07 2.337463010000000008e+00
3.499999999999999842e-07 2.300644989999999890e+00
3.599999999999999943e-07 2.269995520000000155e+00
3.700000000000000044e-07 2.244388489999999958e+00
3.800000000000000146e-07 2.222817979999999860e+00
3.900000000000000247e-07 2.204473000000000127e+00
4.000000000000000348e-07 2.188720249999999812e+00
4.099999999999999920e-07 2.175068759999999823e+00
4.200000000000000022e-07 2.163136870000000211e+00
4.300000000000000123e-07 2.152625770000000216e+00
4.400000000000000224e-07 2.143299390000000137e+00
4.500000000000000326e-07 2.134969480000000086e+00
4.600000000000000427e-07 2.127484480000000122e+00
4.699999999999999470e-07 2.120721239999999952e+00
4.799999999999999571e-07 2.114578820000000192e+00
4.899999999999999672e-07 2.108973820000000110e+00
4.999999999999999774e-07 2.103836770000000023e+00
5.099999999999999875e-07 2.099109410000000064e+00
5.199999999999999976e-07 2.094742539999999931e+00
5.300000000000000078e-07 2.090694370000000024e+00
5.400000000000000179e-07 2.086929159999999950e+00
5.500000000000000281e-07 2.083416220000000152e+00
5.600000000000000382e-07 2.080129040000000096e+00
5.699999999999999424e-07 2.077044589999999857e+00
5.799999999999999526e-07 2.074142829999999993e+00
5.899999999999999627e-07 2.071406179999999875e+00
5.999999999999999728e-07 2.068819219999999959e+00
6.099999999999999830e-07 2.066368329999999975e+00
6.199999999999999931e-07 2.064041469999999823e+00
6.300000000000000033e-07 2.061827919999999814e+00
6.400000000000000134e-07 2.059718150000000136e+00
6.500000000000000235e-07 2.057703650000000106e+00
6.600000000000000337e-07 2.055776789999999909e+00
6.700000000000000438e-07 2.053930699999999998e+00
6.800000000000000539e-07 2.052159220000000062e+00
6.899999999999999582e-07 2.050456769999999818e+00
6.999999999999999683e-07 2.048818310000000142e+00
7.099999999999999785e-07 2.047239269999999944e+00
7.199999999999999886e-07 2.045715500000000020e+00
7.299999999999999987e-07 2.044243230000000189e+00
7.400000000000000089e-07 2.042819010000000102e+00
7.500000000000000190e-07 2.041439689999999807e+00
7.600000000000000291e-07 2.040102399999999871e+00
7.700000000000000393e-07 2.038804509999999848e+00
7.800000000000000494e-07 2.037543610000000172e+00
7.900000000000000595e-07 2.036317459999999802e+00
8.000000000000000697e-07 2.035124039999999912e+00
8.100000000000000798e-07 2.033961469999999938e+00
8.199999999999999841e-07 2.032828009999999797e+00
8.299999999999999942e-07 2.031722080000000208e+00
8.400000000000000043e-07 2.030642199999999953e+00
8.500000000000000145e-07 2.029587020000000130e+00
8.600000000000000246e-07 2.028555279999999961e+00
8.700000000000000347e-07 2.027545819999999832e+00
8.800000000000000449e-07 2.026557579999999970e+00
8.900000000000000550e-07 2.025589570000000172e+00
9.000000000000000652e-07 2.024640880000000198e+00
9.100000000000000753e-07 2.023710680000000206e+00
9.200000000000000854e-07 2.022798199999999991e+00
9.300000000000000956e-07 2.021902750000000193e+00
9.399999999999998939e-07 2.021023679999999878e+00
9.499999999999999041e-07 2.020160450000000107e+00
9.599999999999999142e-07 2.019312540000000045e+00
9.700000000000000302e-07 2.018479549999999900e+00
9.799999999999999345e-07 2.017661159999999843e+00
9.900000000000000505e-07 2.016857219999999895e+00
9.999999999999999547e-07 2.016067870000000095e+00
1.010000000000000071e-06 2.015294270000000054e+00
1.019999999999999975e-06 2.014534840000000049e+00
1.030000000000000091e-06 2.013787820000000117e+00
1.039999999999999995e-06 2.013052189999999797e+00
1.050000000000000111e-06 2.012327149999999953e+00
1.060000000000000016e-06 2.011612069999999974e+00
1.070000000000000132e-06 2.010906349999999954e+00
1.080000000000000036e-06 2.010209489999999821e+00
1.090000000000000152e-06 2.009521040000000092e+00
1.100000000000000056e-06 2.008840580000000209e+00
1.110000000000000172e-06 2.008167719999999878e+00
1.120000000000000076e-06 2.007502119999999834e+00
1.129999999999999981e-06 2.006843459999999801e+00
1.139999999999999885e-06 2.006191429999999887e+00
1.150000000000000001e-06 2.005545759999999955e+00
1.159999999999999905e-06 2.004906200000000194e+00
1.170000000000000021e-06 2.004272509999999841e+00
1.179999999999999925e-06 2.003644449999999910e+00
1.190000000000000041e-06 2.003021829999999781e+00
1.199999999999999946e-06 2.002404449999999780e+00
1.210000000000000062e-06 2.001792120000000175e+00
1.219999999999999966e-06 2.001184680000000160e+00
1.230000000000000082e-06 2.000581959999999881e+00
1.239999999999999986e-06 1.999983810000000028e+00
1.250000000000000102e-06 1.999390100000000059e+00
1.260000000000000007e-06 1.998800689999999936e+00
1.270000000000000123e-06 1.998215450000000004e+00
1.280000000000000027e-06 1.997634270000000045e+00
1.289999999999999931e-06 1.997057040000000061e+00
1.300000000000000047e-06 1.996483659999999993e+00
1.309999999999999951e-06 1.995914020000000066e+00
1.320000000000000067e-06 1.995348040000000100e+00
1.329999999999999972e-06 1.994785629999999976e+00
1.340000000000000088e-06 1.994226709999999958e+00
1.349999999999999992e-06 1.993671200000000088e+00
1.415100000000000012e-06 1.990133839999999932e+00
1.429999999999999861e-06 1.989342069999999962e+00
1.433899999999999942e-06 1.989137029999999973e+00
1.439999999999999977e-06 1.988814459999999951e+00
1.449999999999999881e-06 1.988289699999999938e+00
1.459699999999999975e-06 1.987782579999999966e+00
1.459999999999999997e-06 1.987767760000000106e+00
1.469999999999999902e-06 1.987248579999999931e+00
1.479699999999999995e-06 1.986747009999999980e+00
1.480000000000000018e-06 1.986732139999999980e+00
1.489999999999999922e-06 1.986218409999999990e+00
1.493300000000000170e-06 1.986046940000000038e+00
1.500000000000000038e-06 1.985707340000000043e+00
1.509999999999999942e-06 1.985198919999999978e+00
1.514300000000000054e-06 1.984981909999999905e+00
1.520000000000000058e-06 1.984693110000000038e+00
1.529999999999999963e-06 1.984189879999999961e+00
1.535799999999999975e-06 1.983898479999999909e+00
1.540000000000000079e-06 1.983689220000000031e+00
1.549999999999999983e-06 1.983191090000000045e+00
1.557999999999999949e-06 1.982796119999999940e+00
1.560000000000000099e-06 1.982695480000000066e+00
1.570000000000000003e-06 1.982202360000000052e+00
1.573100000000000024e-06 1.982050440000000080e+00
1.580000000000000119e-06 1.981711720000000065e+00
1.590000000000000023e-06 1.981223540000000005e+00
1.596300000000000073e-06 1.980915339999999913e+00
1.600000000000000139e-06 1.980737790000000054e+00
1.610000000000000044e-06 1.980254460000000050e+00
1.612199999999999997e-06 1.980147349999999973e+00
1.620000000000000160e-06 1.979773540000000054e+00
1.629999999999999852e-06 1.979295009999999966e+00
1.636700000000000144e-06 1.978978090000000023e+00
1.639999999999999968e-06 1.978818849999999907e+00
1.649999999999999872e-06 1.978345060000000100e+00
1.653399999999999916e-06 1.978186830000000063e+00
1.659999999999999988e-06 1.977873619999999999e+00
1.669999999999999893e-06 1.977404520000000110e+00
1.679099999999999941e-06 1.976981960000000038e+00
1.680000000000000009e-06 1.976937740000000110e+00
1.689999999999999913e-06 1.976473289999999938e+00
1.696600000000000197e-06 1.976166520000000038e+00
1.700000000000000029e-06 1.976011139999999999e+00
1.714599999999999855e-06 1.975341159999999929e+00
1.732900000000000171e-06 1.974505759999999999e+00
1.751700000000000101e-06 1.973660160000000108e+00
1.770799999999999842e-06 1.972804280000000077e+00
1.790400000000000044e-06 1.971937959999999990e+00
1.810400000000000065e-06 1.971061120000000111e+00
1.830799999999999903e-06 1.970173670000000099e+00
1.851799999999999787e-06 1.969275480000000078e+00
1.873199999999999912e-06 1.968366520000000008e+00
1.895100000000000075e-06 1.967446669999999953e+00
1.917499999999999852e-06 1.966515900000000094e+00
1.928899999999999862e-06 1.966046430000000012e+00
1.952099999999999911e-06 1.965099200000000046e+00
1.975999999999999800e-06 1.964140959999999936e+00
1.988100000000000074e-06 1.963657739999999929e+00
2.012800000000000024e-06 1.962683009999999895e+00
2.038100000000000019e-06 1.961697320000000078e+00
2.051000000000000353e-06 1.961200389999999905e+00
2.077299999999999999e-06 1.960198340000000039e+00
2.090700000000000159e-06 1.959693270000000043e+00
2.117999999999999881e-06 1.958675079999999902e+00
2.132000000000000086e-06 1.958161990000000019e+00
2.146100000000000086e-06 1.957646269999999911e+00
2.174900000000000132e-06 1.956606999999999985e+00
2.189600000000000178e-06 1.956083529999999904e+00
2.219599999999999891e-06 1.955028959999999927e+00
2.234899999999999981e-06 1.954497939999999989e+00
2.250400000000000087e-06 1.953964510000000043e+00
2.266099999999999784e-06 1.953428649999999989e+00
2.298299999999999662e-06 1.952349899999999971e+00
2.314700000000000047e-06 1.951807089999999967e+00
2.331300000000000024e-06 1.951262089999999949e+00
2.348199999999999811e-06 1.950714899999999918e+00
2.365400000000000257e-06 1.950165589999999893e+00
2.382799999999999870e-06 1.949614240000000054e+00
2.418299999999999784e-06 1.948505680000000018e+00
2.436500000000000304e-06 1.947948580000000041e+00
2.455000000000000212e-06 1.947389720000000102e+00
2.473700000000000134e-06 1.946829169999999998e+00
2.492700000000000291e-06 1.946267050000000109e+00
2.512100000000000055e-06 1.945703399999999972e+00
2.531699999999999833e-06 1.945138339999999966e+00
2.551600000000000270e-06 1.944571959999999988e+00
2.571899999999999889e-06 1.944004400000000077e+00
2.592499999999999742e-06 1.943435730000000028e+00
2.613399999999999830e-06 1.942866090000000101e+00
2.634599999999999729e-06 1.942295600000000011e+00
2.656200000000000081e-06 1.941724390000000078e+00
2.678200000000000040e-06 1.941152629999999935e+00
2.700499999999999810e-06 1.940580420000000084e+00
2.723200000000000033e-06 1.940007929999999936e+00
2.746200000000000067e-06 1.939435320000000074e+00
2.769699999999999926e-06 1.938862759999999907e+00
2.793600000000000240e-06 1.938290440000000059e+00
2.817899999999999736e-06 1.937718520000000000e+00
2.842600000000000109e-06 1.937147219999999948e+00
2.867799999999999885e-06 1.936576719999999918e+00
2.893400000000000114e-06 1.936007250000000068e+00
2.919399999999999950e-06 1.935439059999999989e+00
2.946000000000000254e-06 1.934872340000000079e+00
2.972999999999999742e-06 1.934307350000000092e+00
3.000500000000000325e-06 1.933744359999999940e+00
3.028600000000000107e-06 1.933183639999999981e+00
3.057100000000000342e-06 1.932625500000000107e+00
3.086299999999999995e-06 1.932070189999999910e+00
3.115900000000000101e-06 1.931518049999999986e+00
3.146200000000000048e-06 1.930969410000000108e+00
3.177000000000000245e-06 1.930424609999999985e+00
3.208499999999999859e-06 1.929884020000000033e+00
3.240599999999999941e-06 1.929348010000000002e+00
3.273300000000000068e-06 1.928816960000000025e+00
3.306700000000000036e-06 1.928291310000000092e+00
3.340800000000000269e-06 1.927771499999999971e+00
3.375599999999999919e-06 1.927257980000000037e+00
3.411099999999999833e-06 1.926751220000000098e+00
3.447400000000000231e-06 1.926251720000000001e+00
3.484500000000000265e-06 1.925760020000000017e+00
3.522400000000000360e-06 1.925276690000000013e+00
3.561100000000000091e-06 1.924802279999999977e+00
3.600599999999999882e-06 1.924337409999999915e+00
3.641099999999999749e-06 1.923882719999999935e+00
3.682500000000000318e-06 1.923438900000000062e+00
3.724800000000000319e-06 1.923006650000000040e+00
3.768099999999999973e-06 1.922586700000000093e+00
3.812399999999999701e-06 1.922179850000000023e+00
3.857799999999999724e-06 1.921786910000000015e+00
3.904300000000000041e-06 1.921408760000000049e+00
3.951900000000000229e-06 1.921046290000000045e+00
4.000700000000000507e-06 1.920700489999999983e+00
4.050700000000000028e-06 1.920372350000000061e+00
4.102000000000000706e-06 1.920062949999999935e+00
4.154599999999999999e-06 1.919773430000000003e+00
4.208499999999999602e-06 1.919504950000000099e+00
4.263899999999999952e-06 1.919258789999999992e+00
4.320800000000000203e-06 1.919036280000000039e+00
4.379100000000000137e-06 1.918838810000000006e+00
4.439099999999999562e-06 1.918667890000000043e+00
4.500800000000000174e-06 1.918525070000000055e+00
4.564199999999999432e-06 1.918412049999999924e+00
4.629400000000000095e-06 1.918330590000000058e+00
4.696500000000000689e-06 1.918282580000000070e+00
4.765500000000000367e-06 1.918270020000000020e+00
4.836700000000000634e-06 1.918295029999999901e+00
4.910000000000000424e-06 1.918359900000000007e+00
4.985499999999999955e-06 1.918467029999999962e+00
5.063399999999999666e-06 1.918618989999999913e+00
5.143799999999999778e-06 1.918818560000000062e+00
5.226700000000000288e-06 1.919068669999999921e+00
5.312400000000000162e-06 1.919372480000000047e+00
5.400900000000000247e-06 1.919733340000000066e+00
5.492499999999999505e-06 1.920154890000000059e+00
5.587200000000000479e-06 1.920641019999999921e+00
5.685200000000000218e-06 1.921195900000000067e+00
5.786700000000000009e-06 1.921824039999999956e+00
5.891899999999999442e-06 1.922530290000000086e+00
6.001100000000000023e-06 1.923319860000000103e+00
6.114300000000000057e-06 1.924198450000000005e+00
6.231900000000000422e-06 1.925172179999999900e+00
6.354099999999999862e-06 1.926247690000000068e+00
6.481099999999999662e-06 1.927432180000000050e+00
6.613400000000000073e-06 1.928733459999999900e+00
6.751199999999999838e-06 1.930160150000000074e+00
6.894800000000000462e-06 1.931721510000000031e+00
7.044699999999999653e-06 1.933427739999999950e+00
7.201299999999999984e-06 1.935289910000000058e+00
7.364899999999999569e-06 1.937320359999999964e+00
7.536199999999999945e-06 1.939532449999999963e+00
7.715599999999999447e-06 1.941940940000000060e+00
7.903800000000000457e-06 1.944562139999999939e+00
8.101400000000000056e-06 1.947413920000000020e+00
8.309100000000001473e-06 1.950516439999999907e+00
8.527799999999999904e-06 1.953891679999999909e+00
8.758300000000000492e-06 1.957564239999999955e+00
9.001600000000000348e-06 1.961561560000000037e+00
9.258800000000000190e-06 1.965914109999999937e+00
9.531100000000000954e-06 1.970656500000000033e+00
9.819900000000000628e-06 1.975827140000000037e+00
1.012700000000000147e-05 1.981469450000000077e+00
1.045299999999999970e-05 1.987632459999999934e+00
1.080199999999999924e-05 1.994371520000000064e+00
1.117400000000000008e-05 2.001750219999999914e+00
1.157300000000000083e-05 2.009840379999999982e+00
1.200200000000000130e-05 2.018724450000000115e+00
1.246399999999999959e-05 2.028496829999999918e+00
1.296200000000000058e-05 2.039267469999999971e+00
1.350200000000000049e-05 2.051162720000000217e+00
1.408900000000000012e-05 2.064330060000000078e+00
1.473000000000000127e-05 2.078942189999999801e+00
1.543099999999999846e-05 2.095201830000000154e+00
1.620300000000000055e-05 2.113350689999999865e+00
1.705600000000000069e-05 2.133675530000000098e+00
1.800300000000000026e-05 2.156521380000000043e+00
1.906200000000000147e-05 2.182306619999999864e+00
2.025400000000000293e-05 2.211542109999999894e+00
2.160399999999999848e-05 2.244863070000000072e+00
2.314699999999999709e-05 2.283061870000000049e+00
2.492700000000000037e-05 2.327146200000000054e+00
2.700499999999999979e-05 2.378417409999999954e+00
2.946000000000000254e-05 2.438586509999999929e+00
3.240600000000000110e-05 2.509963770000000149e+00
3.600600000000000052e-05 2.595738470000000131e+00
