2.499999999999999887e-07 4.557088899999999776e-01
2.599999999999999988e-07 7.170379369999999586e-01
2.700000000000000090e-07 9.830064530000000023e-01
2.800000000000000191e-07 1.065565649999999920e+00
2.899999999999999763e-07 8.775887489999999458e-01
2.999999999999999864e-07 6.105301359999999455e-01
3.099999999999999966e-07 4.130793179999999731e-01
3.200000000000000067e-07 2.889158219999999888e-01
3.300000000000000168e-07 2.111591610000000119e-01
3.400000000000000270e-07 1.605798370000000030e-01
3.499999999999999842e-07 1.261970950000000091e-01
3.599999999999999943e-07 1.018602920000000051e-01
3.700000000000000044e-07 8.402292199999999989e-02
3.800000000000000146e-07 7.055685500000000165e-02
3.900000000000000247e-07 6.013318000000000135e-02
4.000000000000000348e-07 5.189113299999999901e-02
4.099999999999999920e-07 4.525466899999999737e-02
4.200000000000000022e-07 3.982699199999999856e-02
4.300000000000000123e-07 3.532771400000000311e-02
4.400000000000000224e-07 3.155418499999999848e-02
4.500000000000000326e-07 2.835697300000000060e-02
4.600000000000000427e-07 2.562390200000000048e-02
4.699999999999999470e-07 2.326939999999999911e-02
4.799999999999999571e-07 2.122724100000000086e-02
4.899999999999999672e-07 1.944549599999999961e-02
4.999999999999999774e-07 1.788296400000000119e-02
5.099999999999999875e-07 1.650659800000000080e-02
5.199999999999999976e-07 1.528962600000000061e-02
5.300000000000000078e-07 1.421016599999999977e-02
5.400000000000000179e-07 1.325017600000000066e-02
5.500000000000000281e-07 1.239466900000000052e-02
5.600000000000000382e-07 1.163110699999999990e-02
5.699999999999999424e-07 1.094892599999999945e-02
5.799999999999999526e-07 1.033917300000000011e-02
5.899999999999999627e-07 9.794214000000000739e-03
5.999999999999999728e-07 9.307506999999999586e-03
6.099999999999999830e-07 8.873415000000000816e-03
6.199999999999999931e-07 8.487058000000000449e-03
6.300000000000000033e-07 8.144191999999999751e-03
6.400000000000000134e-07 7.841110000000000094e-03
6.500000000000000235e-07 7.574563000000000303e-03
6.600000000000000337e-07 7.341689000000000201e-03
6.700000000000000438e-07 7.139961999999999698e-03
6.800000000000000539e-07 6.967140999999999612e-03
6.899999999999999582e-07 6.821233999999999804e-03
6.999999999999999683e-07 6.700463000000000252e-03
7.099999999999999785e-07 6.603236000000000175e-03
7.199999999999999886e-07 6.528126999999999888e-03
7.299999999999999987e-07 6.473852000000000426e-03
7.400000000000000089e-07 6.439249999999999662e-03
7.500000000000000190e-07 6.423273999999999651e-03
7.600000000000000291e-07 6.424972999999999622e-03
7.700000000000000393e-07 6.443484000000000191e-03
7.800000000000000494e-07 6.478018999999999791e-03
7.900000000000000595e-07 6.527859999999999913e-03
8.000000000000000697e-07 6.592348999999999952e-03
8.100000000000000798e-07 6.670884999999999662e-03
8.199999999999999841e-07 6.762912999999999737e-03
8.299999999999999942e-07 6.867924000000000077e-03
8.400000000000000043e-07 6.985449000000000346e-03
8.500000000000000145e-07 7.115052999999999656e-03
8.600000000000000246e-07 7.256335000000000042e-03
8.700000000000000347e-07 7.408920999999999736e-03
8.800000000000000449e-07 7.572465999999999919e-03
8.900000000000000550e-07 7.746646999999999735e-03
9.000000000000000652e-07 7.931165000000000437e-03
9.100000000000000753e-07 8.125738999999999879e-03
9.200000000000000854e-07 8.330106999999999789e-03
9.300000000000000956e-07 8.544022000000000075e-03
9.399999999999998939e-07 8.767254999999999840e-03
9.499999999999999041e-07 8.999586999999999865e-03
9.599999999999999142e-07 9.240814999999999446e-03
9.700000000000000302e-07 9.490745000000000084e-03
9.799999999999999345e-07 9.749195999999999904e-03
9.900000000000000505e-07 1.001599199999999960e-02
9.999999999999999547e-07 1.029096900000000051e-02
1.010000000000000071e-06 1.057290800000000065e-02
1.019999999999999975e-06 1.085918999999999947e-02
1.030000000000000091e-06 1.114970499999999934e-02
1.039999999999999995e-06 1.144445099999999958e-02
1.050000000000000111e-06 1.174342700000000073e-02
1.060000000000000016e-06 1.204662999999999914e-02
1.070000000000000132e-06 1.235405600000000041e-02
1.080000000000000036e-06 1.266570000000000022e-02
1.090000000000000152e-06 1.298155500000000052e-02
1.100000000000000056e-06 1.330161699999999995e-02
1.110000000000000172e-06 1.362587799999999925e-02
1.120000000000000076e-06 1.395432899999999969e-02
1.129999999999999981e-06 1.428696399999999922e-02
1.139999999999999885e-06 1.462377200000000016e-02
1.150000000000000001e-06 1.496474400000000031e-02
1.159999999999999905e-06 1.530986900000000026e-02
1.170000000000000021e-06 1.565913700000000006e-02
1.179999999999999925e-06 1.601253700000000030e-02
1.190000000000000041e-06 1.637005600000000088e-02
1.199999999999999946e-06 1.673168200000000119e-02
1.210000000000000062e-06 1.709740100000000165e-02
1.219999999999999966e-06 1.746720100000000164e-02
1.230000000000000082e-06 1.784106599999999918e-02
1.239999999999999986e-06 1.821898300000000109e-02
1.250000000000000102e-06 1.860093700000000141e-02
1.260000000000000007e-06 1.898691099999999868e-02
1.270000000000000123e-06 1.937689000000000078e-02
1.280000000000000027e-06 1.977085699999999932e-02
1.289999999999999931e-06 2.016879599999999925e-02
1.300000000000000047e-06 2.057068899999999964e-02
1.309999999999999951e-06 2.097651799999999955e-02
1.320000000000000067e-06 2.138626600000000100e-02
1.329999999999999972e-06 2.179991300000000062e-02
1.340000000000000088e-06 2.221744200000000044e-02
1.349999999999999992e-06 2.263883300000000057e-02
1.415100000000000012e-06 2.547488399999999972e-02
1.429999999999999861e-06 2.614657100000000040e-02
1.433899999999999942e-06 2.632275099999999840e-02
1.439999999999999977e-06 2.660180100000000131e-02
1.449999999999999881e-06 2.706068400000000151e-02
1.459699999999999975e-06 2.750997999999999985e-02
1.459999999999999997e-06 2.752319599999999977e-02
1.469999999999999902e-06 2.798931600000000020e-02
1.479699999999999995e-06 2.844541199999999978e-02
1.480000000000000018e-06 2.845902100000000101e-02
1.489999999999999922e-06 2.893228800000000045e-02
1.493300000000000170e-06 2.909159199999999945e-02
1.500000000000000038e-06 2.940909200000000126e-02
1.509999999999999942e-06 2.988941200000000062e-02
1.514300000000000054e-06 3.009625000000000147e-02
1.520000000000000058e-06 3.037322300000000128e-02
1.529999999999999963e-06 3.086050099999999852e-02
1.535799999999999975e-06 3.114539200000000091e-02
1.540000000000000079e-06 3.135122299999999751e-02
1.549999999999999983e-06 3.184536400000000100e-02
1.557999999999999949e-06 3.224139399999999961e-02
1.560000000000000099e-06 3.234290000000000082e-02
1.570000000000000003e-06 3.284380600000000316e-02
1.573100000000000024e-06 3.299931999999999865e-02
1.580000000000000119e-06 3.334805799999999987e-02
1.590000000000000023e-06 3.385563199999999662e-02
1.596300000000000073e-06 3.417908499999999794e-02
1.600000000000000139e-06 3.436650200000000016e-02
1.610000000000000044e-06 3.488064400000000231e-02
1.612199999999999997e-06 3.499536699999999945e-02
1.620000000000000160e-06 3.539803300000000236e-02
1.629999999999999852e-06 3.591864300000000010e-02
1.636700000000000144e-06 3.626663000000000109e-02
1.639999999999999968e-06 3.644245000000000123e-02
1.649999999999999872e-06 3.696942699999999915e-02
1.653399999999999916e-06 3.714671099999999893e-02
1.659999999999999988e-06 3.749955099999999902e-02
1.669999999999999893e-06 3.803279600000000066e-02
1.679099999999999941e-06 3.851808200000000210e-02
1.680000000000000009e-06 3.856913499999999745e-02
1.689999999999999913e-06 3.910854400000000203e-02
1.696600000000000197e-06 3.946797300000000341e-02
1.700000000000000029e-06 3.965099799999999980e-02
1.714599999999999855e-06 4.044763299999999673e-02
1.732900000000000171e-06 4.145815399999999706e-02
1.751700000000000101e-06 4.250072399999999667e-02
1.770799999999999842e-06 4.357653999999999694e-02
1.790400000000000044e-06 4.468688600000000205e-02
1.810400000000000065e-06 4.583307899999999879e-02
1.830799999999999903e-06 4.701646799999999876e-02
1.851799999999999787e-06 4.823856099999999925e-02
1.873199999999999912e-06 4.950079799999999863e-02
1.895100000000000075e-06 5.080482499999999790e-02
1.917499999999999852e-06 5.215224499999999985e-02
1.928899999999999862e-06 5.284274099999999863e-02
1.952099999999999911e-06 5.425852600000000137e-02
1.975999999999999800e-06 5.572218500000000047e-02
1.988100000000000074e-06 5.647253099999999942e-02
2.012800000000000024e-06 5.801161600000000196e-02
2.038100000000000019e-06 5.960357399999999944e-02
2.051000000000000353e-06 6.042002199999999684e-02
2.077299999999999999e-06 6.209536100000000169e-02
2.090700000000000159e-06 6.295480999999999994e-02
2.117999999999999881e-06 6.471874599999999367e-02
2.132000000000000086e-06 6.562387599999999765e-02
2.146100000000000086e-06 6.654487200000000491e-02
2.174900000000000132e-06 6.843580300000000338e-02
2.189600000000000178e-06 6.940638200000000257e-02
2.219599999999999891e-06 7.139968500000000440e-02
2.234899999999999981e-06 7.242311299999999730e-02
2.250400000000000087e-06 7.346486800000000261e-02
2.266099999999999784e-06 7.452541199999999921e-02
2.298299999999999662e-06 7.670438599999999940e-02
2.314700000000000047e-06 7.782365300000000652e-02
2.331300000000000024e-06 7.896330299999999858e-02
2.348199999999999811e-06 8.012387099999999929e-02
2.365400000000000257e-06 8.130577199999999838e-02
2.382799999999999870e-06 8.250946500000000405e-02
2.418299999999999784e-06 8.498414399999999758e-02
2.436500000000000304e-06 8.625618499999999911e-02
2.455000000000000212e-06 8.755202099999999377e-02
2.473700000000000134e-06 8.887219700000000000e-02
2.492700000000000291e-06 9.021721600000000285e-02
2.512100000000000055e-06 9.158771999999999747e-02
2.531699999999999833e-06 9.298425500000000177e-02
2.551600000000000270e-06 9.440742300000000420e-02
2.571899999999999889e-06 9.585778600000000038e-02
2.592499999999999742e-06 9.733605700000000360e-02
2.613399999999999830e-06 9.884283900000000178e-02
2.634599999999999729e-06 1.003787899999999955e-01
2.656200000000000081e-06 1.019446120000000039e-01
2.678200000000000040e-06 1.035409469999999943e-01
2.700499999999999810e-06 1.051686240000000022e-01
2.723200000000000033e-06 1.068283270000000007e-01
2.746200000000000067e-06 1.085208250000000013e-01
2.769699999999999926e-06 1.102469289999999935e-01
2.793600000000000240e-06 1.120073619999999992e-01
2.817899999999999736e-06 1.138031050000000016e-01
2.842600000000000109e-06 1.156349339999999948e-01
2.867799999999999885e-06 1.175037689999999940e-01
2.893400000000000114e-06 1.194104960000000049e-01
2.919399999999999950e-06 1.213560159999999971e-01
2.946000000000000254e-06 1.233414270000000035e-01
2.972999999999999742e-06 1.253676800000000091e-01
3.000500000000000325e-06 1.274357939999999911e-01
3.028600000000000107e-06 1.295468579999999870e-01
3.057100000000000342e-06 1.317018809999999929e-01
3.086299999999999995e-06 1.339021770000000111e-01
3.115900000000000101e-06 1.361488469999999895e-01
3.146200000000000048e-06 1.384431040000000113e-01
3.177000000000000245e-06 1.407862129999999934e-01
3.208499999999999859e-06 1.431794170000000033e-01
3.240599999999999941e-06 1.456241879999999878e-01
3.273300000000000068e-06 1.481218699999999888e-01
3.306700000000000036e-06 1.506739169999999906e-01
3.340800000000000269e-06 1.532818009999999953e-01
3.375599999999999919e-06 1.559470279999999875e-01
3.411099999999999833e-06 1.586713160000000067e-01
3.447400000000000231e-06 1.614563400000000037e-01
3.484500000000000265e-06 1.643037599999999931e-01
3.522400000000000360e-06 1.672153110000000054e-01
3.561100000000000091e-06 1.701930419999999888e-01
3.600599999999999882e-06 1.732388019999999973e-01
3.641099999999999749e-06 1.763546330000000106e-01
3.682500000000000318e-06 1.795425850000000045e-01
3.724800000000000319e-06 1.828047770000000016e-01
3.768099999999999973e-06 1.861436629999999870e-01
3.812399999999999701e-06 1.895615230000000095e-01
3.857799999999999724e-06 1.930608179999999952e-01
3.904300000000000041e-06 1.966440120000000069e-01
3.951900000000000229e-06 2.003140449999999961e-01
4.000700000000000507e-06 2.040735230000000067e-01
4.050700000000000028e-06 2.079254680000000022e-01
4.102000000000000706e-06 2.118728599999999962e-01
4.154599999999999999e-06 2.159188160000000134e-01
4.208499999999999602e-06 2.200669189999999997e-01
4.263899999999999952e-06 2.243205520000000064e-01
4.320800000000000203e-06 2.286833729999999953e-01
4.379100000000000137e-06 2.331591020000000070e-01
4.439099999999999562e-06 2.377520589999999878e-01
4.500800000000000174e-06 2.424663430000000008e-01
4.564199999999999432e-06 2.473064000000000096e-01
4.629400000000000095e-06 2.522769260000000124e-01
4.696500000000000689e-06 2.573826519999999896e-01
4.765500000000000367e-06 2.626291399999999832e-01
4.836700000000000634e-06 2.680216429999999761e-01
4.910000000000000424e-06 2.735659890000000094e-01
4.985499999999999955e-06 2.792682140000000146e-01
5.063399999999999666e-06 2.851345550000000117e-01
5.143799999999999778e-06 2.911722279999999774e-01
5.226700000000000288e-06 2.973882099999999862e-01
5.312400000000000162e-06 3.037901089999999749e-01
5.400900000000000247e-06 3.103860250000000098e-01
5.492499999999999505e-06 3.171843340000000122e-01
5.587200000000000479e-06 3.241945039999999945e-01
5.685200000000000218e-06 3.314260600000000223e-01
5.786700000000000009e-06 3.388892820000000139e-01
5.891899999999999442e-06 3.465951509999999902e-01
6.001100000000000023e-06 3.545550860000000193e-01
6.114300000000000057e-06 3.627821350000000056e-01
6.231900000000000422e-06 3.712893950000000221e-01
6.354099999999999862e-06 3.800911390000000223e-01
6.481099999999999662e-06 3.892027029999999832e-01
6.613400000000000073e-06 3.986402079999999959e-01
6.751199999999999838e-06 4.084219150000000242e-01
6.894800000000000462e-06 4.185664519999999778e-01
7.044699999999999653e-06 4.290942899999999893e-01
7.201299999999999984e-06 4.400271470000000074e-01
7.364899999999999569e-06 4.513895159999999906e-01
7.536199999999999945e-06 4.632067400000000057e-01
7.715599999999999447e-06 4.755067680000000241e-01
7.903800000000000457e-06 4.883199280000000142e-01
8.101400000000000056e-06 5.016785249999999863e-01
8.309100000000001473e-06 5.156194170000000243e-01
8.527799999999999904e-06 5.301811560000000423e-01
8.758300000000000492e-06 5.454064770000000006e-01
9.001600000000000348e-06 5.613421760000000260e-01
9.258800000000000190e-06 5.780390600000000489e-01
9.531100000000000954e-06 5.955547300000000321e-01
9.819900000000000628e-06 6.139509029999999923e-01
1.012700000000000147e-05 6.332964779999999960e-01
1.045299999999999970e-05 6.536678049999999907e-01
1.080199999999999924e-05 6.751490430000000043e-01
1.117400000000000008e-05 6.978362689999999535e-01
1.157300000000000083e-05 7.218347429999999454e-01
1.200200000000000130e-05 7.472634129999999875e-01
1.246399999999999959e-05 7.742554090000000055e-01
1.296200000000000058e-05 8.029643610000000153e-01
1.350200000000000049e-05 8.335619720000000399e-01
1.408900000000000012e-05 8.662454520000000269e-01
1.473000000000000127e-05 9.012416009999999478e-01
1.543099999999999846e-05 9.388112840000000237e-01
1.620300000000000055e-05 9.792617160000000043e-01
1.705600000000000069e-05 1.022949499999999956e+00
1.800300000000000026e-05 1.070297070000000073e+00
1.906200000000000147e-05 1.121808750000000021e+00
2.025400000000000293e-05 1.178090080000000039e+00
2.160399999999999848e-05 1.239885560000000053e+00
2.314699999999999709e-05 1.308108709999999952e+00
2.492700000000000037e-05 1.383907299999999951e+00
2.700499999999999979e-05 1.468745760000000011e+00
2.946000000000000254e-05 1.564527049999999919e+00
3.240600000000000110e-05 1.673796800000000085e+00
3.600600000000000052e-05 1.800031429999999988e+00
