3.139240506329113514e-07 9.599999999999999645e-01
3.180266274605897191e-07 9.949999999999999956e-01
3.221305448901233675e-07 1.030000000000000027e+00
3.262358035787237308e-07 1.060000000000000053e+00
3.303424041840320599e-07 1.090000000000000080e+00
3.354775430136090315e-07 1.120000000000000107e+00
3.395871653382382801e-07 1.129999999999999893e+00
3.447260834014717754e-07 1.139999999999999902e+00
3.488387307818121955e-07 1.129999999999999893e+00
3.539814322522595974e-07 1.120000000000000107e+00
3.591262374212549704e-07 1.090000000000000080e+00
3.642731475798862725e-07 1.050000000000000044e+00
3.704522201759770685e-07 1.010000000000000009e+00
3.756037658616455369e-07 9.559999999999999609e-01
3.817884048476907348e-07 9.040000000000000258e-01
3.879760832172987218e-07 8.519999999999999796e-01
3.941668032115352406e-07 8.040000000000000480e-01
4.003605670736703846e-07 7.600000000000000089e-01
4.065573770491802912e-07 7.229999999999999760e-01
4.137908416348952214e-07 6.919999999999999485e-01
4.199942592364784518e-07 6.670000000000000373e-01
4.272354388843313824e-07 6.480000000000000204e-01
4.355161660922369516e-07 6.330000000000000071e-01
4.427662630822901344e-07 6.219999999999999973e-01
4.510571909512665334e-07 6.119999999999999885e-01
4.593535668815967742e-07 6.019999999999999796e-01
4.676553962450186480e-07 5.879999999999999671e-01
4.770014795331250927e-07 5.679999999999999494e-01
4.863544792994286408e-07 5.400000000000000355e-01
4.957144032244797391e-07 5.040000000000000036e-01
5.061224489795918246e-07 4.610000000000000209e-01
5.165390631431628427e-07 4.139999999999999791e-01
5.280072478688795090e-07 3.649999999999999911e-01
5.394858272907053325e-07 3.200000000000000067e-01
5.509748155475865900e-07 2.800000000000000266e-01
5.635201451606250840e-07 2.459999999999999964e-01
5.771249381085988235e-07 2.190000000000000002e-01
5.907443338975352776e-07 1.980000000000000093e-01
6.043783560512183170e-07 1.829999999999999960e-01
6.201281256457946043e-07 1.729999999999999871e-01
6.358974358974358904e-07 1.670000000000000095e-01
6.527396126469127603e-07 1.650000000000000078e-01
6.706588810204165798e-07 1.650000000000000078e-01
6.886033982594280895e-07 1.640000000000000069e-01
7.086889801335489659e-07 1.519999999999999962e-01
7.298659250342451697e-07 1.089999999999999997e-01
7.510780607369863505e-07 3.980000000000000204e-02
7.755156353958749234e-07 2.670000000000000064e-03
7.999999999999999638e-07 0.000000000000000000e+00
8.266666666666666575e-07 0.000000000000000000e+00
8.555291369457306302e-07 0.000000000000000000e+00
8.855293380664022445e-07 0.000000000000000000e+00
9.188257924228485466e-07 0.000000000000000000e+00
9.543653950839579718e-07 0.000000000000000000e+00
9.921664010735554848e-07 0.000000000000000000e+00
1.033333333333333534e-06 0.000000000000000000e+00
1.074631888935633336e-06 0.000000000000000000e+00
1.129173693086003379e-06 0.000000000000000000e+00
1.183945923109421243e-06 0.000000000000000000e+00
1.238950042337002600e-06 0.000000000000000000e+00
1.305263157894736883e-06 0.000000000000000000e+00
1.383056619838229114e-06 0.000000000000000000e+00
1.461315115286080269e-06 0.000000000000000000e+00
1.551328191945158708e-06 0.000000000000000000e+00
1.653333333333333315e-06 0.000000000000000000e+00
1.767602591792656821e-06 0.000000000000000000e+00
1.906035605731654704e-06 0.000000000000000000e+00
2.069375273044997802e-06 0.000000000000000000e+00
2.258512978442587336e-06 0.000000000000000000e+00
