3.139240506329113514e-07 1.739999999999999991e+00
3.180266274605897191e-07 1.770000000000000018e+00
3.221305448901233675e-07 1.810000000000000053e+00
3.262358035787237308e-07 1.850000000000000089e+00
3.303424041840320599e-07 1.899999999999999911e+00
3.354775430136090315e-07 1.949999999999999956e+00
3.395871653382382801e-07 2.020000000000000018e+00
3.447260834014717754e-07 2.080000000000000071e+00
3.488387307818121955e-07 2.149999999999999911e+00
3.539814322522595974e-07 2.220000000000000195e+00
3.591262374212549704e-07 2.290000000000000036e+00
3.642731475798862725e-07 2.350000000000000089e+00
3.704522201759770685e-07 2.399999999999999911e+00
3.756037658616455369e-07 2.439999999999999947e+00
3.817884048476907348e-07 2.470000000000000195e+00
3.879760832172987218e-07 2.479999999999999982e+00
3.941668032115352406e-07 2.490000000000000213e+00
4.003605670736703846e-07 2.500000000000000000e+00
4.065573770491802912e-07 2.500000000000000000e+00
4.137908416348952214e-07 2.490000000000000213e+00
4.199942592364784518e-07 2.490000000000000213e+00
4.272354388843313824e-07 2.479999999999999982e+00
4.355161660922369516e-07 2.479999999999999982e+00
4.427662630822901344e-07 2.479999999999999982e+00
4.510571909512665334e-07 2.490000000000000213e+00
4.593535668815967742e-07 2.500000000000000000e+00
4.676553962450186480e-07 2.520000000000000018e+00
4.770014795331250927e-07 2.540000000000000036e+00
4.863544792994286408e-07 2.569999999999999840e+00
4.957144032244797391e-07 2.589999999999999858e+00
5.061224489795918246e-07 2.600000000000000089e+00
5.165390631431628427e-07 2.609999999999999876e+00
5.280072478688795090e-07 2.609999999999999876e+00
5.394858272907053325e-07 2.589999999999999858e+00
5.509748155475865900e-07 2.569999999999999840e+00
5.635201451606250840e-07 2.549999999999999822e+00
5.771249381085988235e-07 2.520000000000000018e+00
5.907443338975352776e-07 2.500000000000000000e+00
6.043783560512183170e-07 2.470000000000000195e+00
6.201281256457946043e-07 2.450000000000000178e+00
6.358974358974358904e-07 2.430000000000000160e+00
6.527396126469127603e-07 2.410000000000000142e+00
6.706588810204165798e-07 2.399999999999999911e+00
6.886033982594280895e-07 2.410000000000000142e+00
7.086889801335489659e-07 2.419999999999999929e+00
7.298659250342451697e-07 2.439999999999999947e+00
7.510780607369863505e-07 2.419999999999999929e+00
7.755156353958749234e-07 2.359999999999999876e+00
7.999999999999999638e-07 2.299999999999999822e+00
8.266666666666666575e-07 2.259999999999999787e+00
8.555291369457306302e-07 2.240000000000000213e+00
8.855293380664022445e-07 2.220000000000000195e+00
9.188257924228485466e-07 2.200000000000000178e+00
9.543653950839579718e-07 2.189999999999999947e+00
9.921664010735554848e-07 2.180000000000000160e+00
1.033333333333333534e-06 2.169999999999999929e+00
1.074631888935633336e-06 2.160000000000000142e+00
1.129173693086003379e-06 2.149999999999999911e+00
1.183945923109421243e-06 2.140000000000000124e+00
1.238950042337002600e-06 2.129999999999999893e+00
1.305263157894736883e-06 2.129999999999999893e+00
1.383056619838229114e-06 2.120000000000000107e+00
1.461315115286080269e-06 2.109999999999999876e+00
1.551328191945158708e-06 2.109999999999999876e+00
1.653333333333333315e-06 2.100000000000000089e+00
1.767602591792656821e-06 2.100000000000000089e+00
1.906035605731654704e-06 2.089999999999999858e+00
2.069375273044997802e-06 2.089999999999999858e+00
2.258512978442587336e-06 2.080000000000000071e+00
