2.999999999999999864e-07 3.625069260000000071e-01
3.099999999999999966e-07 3.150834659999999787e-01
3.200000000000000067e-07 2.675042000000000253e-01
3.300000000000000168e-07 2.217965470000000106e-01
3.400000000000000270e-07 1.794466269999999974e-01
3.499999999999999842e-07 1.414091460000000133e-01
3.599999999999999943e-07 1.081867539999999961e-01
3.700000000000000044e-07 7.993733990000000122e-02
3.800000000000000146e-07 5.657982050000000263e-02
3.900000000000000247e-07 3.788296959999999658e-02
4.000000000000000348e-07 2.353245519999999993e-02
4.099999999999999920e-07 1.317732980000000005e-02
4.200000000000000022e-07 6.459757249999999867e-03
4.300000000000000123e-07 3.032116200000000133e-03
4.400000000000000224e-07 2.466657240000000046e-03
4.500000000000000326e-07 2.654560629999999904e-03
4.600000000000000427e-07 2.850362979999999935e-03
4.699999999999999470e-07 3.054667889999999972e-03
4.799999999999999571e-07 3.267888400000000179e-03
4.899999999999999672e-07 3.490370830000000171e-03
4.999999999999999774e-07 3.722430069999999817e-03
5.099999999999999875e-07 3.964364459999999632e-03
5.199999999999999976e-07 4.216463319999999744e-03
5.300000000000000078e-07 4.479011300000000292e-03
5.400000000000000179e-07 4.752290969999999753e-03
5.500000000000000281e-07 5.036584630000000284e-03
5.600000000000000382e-07 5.332175500000000366e-03
5.699999999999999424e-07 5.639348679999999642e-03
5.799999999999999526e-07 5.958391789999999827e-03
5.899999999999999627e-07 6.289595539999999832e-03
5.999999999999999728e-07 6.633254199999999955e-03
6.099999999999999830e-07 6.989666000000000282e-03
6.199999999999999931e-07 7.359133450000000277e-03
6.300000000000000033e-07 7.741963699999999948e-03
6.400000000000000134e-07 8.138468799999999670e-03
6.500000000000000235e-07 8.548966030000000604e-03
6.600000000000000337e-07 8.973778130000000311e-03
6.700000000000000438e-07 9.413233610000000182e-03
6.800000000000000539e-07 9.867667020000000025e-03
6.899999999999999582e-07 1.033741919999999967e-02
6.999999999999999683e-07 1.082283759999999942e-02
7.099999999999999785e-07 1.132427639999999958e-02
7.199999999999999886e-07 1.184209720000000028e-02
7.299999999999999987e-07 1.237666880000000066e-02
7.400000000000000089e-07 1.292836789999999951e-02
7.500000000000000190e-07 1.349757920000000007e-02
7.600000000000000291e-07 1.408469579999999978e-02
7.700000000000000393e-07 1.469011970000000042e-02
7.800000000000000494e-07 1.531426179999999942e-02
7.900000000000000595e-07 1.595754250000000138e-02
8.000000000000000697e-07 1.662039230000000173e-02
8.100000000000000798e-07 1.730325170000000107e-02
8.199999999999999841e-07 1.800657190000000060e-02
8.299999999999999942e-07 1.873081529999999842e-02
8.400000000000000043e-07 1.947645610000000096e-02
8.500000000000000145e-07 2.024398009999999956e-02
8.600000000000000246e-07 2.103388620000000084e-02
8.700000000000000347e-07 2.184668589999999924e-02
8.800000000000000449e-07 2.268290480000000053e-02
8.900000000000000550e-07 2.354308249999999963e-02
9.000000000000000652e-07 2.442777360000000092e-02
9.100000000000000753e-07 2.533754820000000060e-02
9.200000000000000854e-07 2.627299250000000169e-02
9.300000000000000956e-07 2.723470970000000171e-02
9.399999999999998939e-07 2.822332079999999993e-02
9.499999999999999041e-07 2.923946499999999921e-02
9.599999999999999142e-07 3.028380099999999908e-02
9.700000000000000302e-07 3.135700770000000165e-02
9.799999999999999345e-07 3.245978489999999661e-02
9.900000000000000505e-07 3.359285490000000346e-02
9.999999999999999547e-07 3.475696290000000049e-02
1.010000000000000071e-06 3.595287839999999902e-02
1.019999999999999975e-06 3.718139630000000251e-02
1.030000000000000091e-06 3.844333829999999758e-02
1.039999999999999995e-06 3.973955400000000332e-02
1.050000000000000111e-06 4.107092229999999983e-02
1.060000000000000016e-06 4.243835299999999811e-02
1.070000000000000132e-06 4.384278839999999899e-02
1.080000000000000036e-06 4.528520450000000225e-02
1.090000000000000152e-06 4.676661359999999962e-02
1.100000000000000056e-06 4.828806530000000208e-02
1.110000000000000172e-06 4.985064899999999688e-02
1.120000000000000076e-06 5.145549600000000334e-02
1.129999999999999981e-06 5.310378159999999681e-02
1.139999999999999885e-06 5.479672730000000047e-02
1.150000000000000001e-06 5.653560409999999758e-02
1.159999999999999905e-06 5.832173429999999714e-02
1.170000000000000021e-06 6.015649530000000134e-02
1.179999999999999925e-06 6.204132200000000291e-02
1.190000000000000041e-06 6.397771080000000388e-02
1.199999999999999946e-06 6.596722239999999737e-02
1.210000000000000062e-06 6.801148649999999574e-02
1.219999999999999966e-06 7.011220519999999956e-02
1.230000000000000082e-06 7.227115800000000201e-02
1.239999999999999986e-06 7.449020589999999498e-02
1.250000000000000102e-06 7.677129709999999663e-02
1.260000000000000007e-06 7.911647189999999885e-02
1.270000000000000123e-06 8.152786920000000548e-02
1.280000000000000027e-06 8.400773220000000430e-02
1.289999999999999931e-06 8.655841559999999379e-02
1.300000000000000047e-06 8.918239279999999602e-02
1.309999999999999951e-06 9.188226389999999688e-02
1.320000000000000067e-06 9.466076439999999981e-02
1.329999999999999972e-06 9.752077389999999624e-02
1.340000000000000088e-06 1.004653269999999932e-01
1.349999999999999992e-06 1.034976219999999975e-01
1.379000000000000053e-06 1.128077930000000034e-01
1.399799999999999922e-06 1.200335210000000041e-01
1.418199999999999822e-06 1.268024389999999890e-01
1.429999999999999861e-06 1.313634469999999943e-01
1.437099999999999971e-06 1.341734770000000132e-01
1.439999999999999977e-06 1.353633220000000081e-01
1.449999999999999881e-06 1.394951550000000096e-01
1.459699999999999975e-06 1.436414840000000137e-01
1.459999999999999997e-06 1.437649980000000050e-01
1.469999999999999902e-06 1.481792979999999871e-01
1.479699999999999995e-06 1.526109380000000015e-01
1.480000000000000018e-06 1.527449230000000047e-01
1.489999999999999922e-06 1.574691990000000041e-01
1.496800000000000009e-06 1.607753379999999899e-01
1.500000000000000038e-06 1.623599490000000034e-01
1.509999999999999942e-06 1.674255229999999928e-01
1.517800000000000105e-06 1.715198069999999964e-01
1.520000000000000058e-06 1.726748479999999919e-01
1.529999999999999963e-06 1.781174719999999989e-01
1.539500000000000041e-06 1.834546069999999918e-01
1.540000000000000079e-06 1.837636069999999955e-01
1.549999999999999983e-06 1.896241860000000001e-01
1.557999999999999949e-06 1.944535440000000059e-01
1.560000000000000099e-06 1.957109119999999869e-01
1.570000000000000003e-06 2.020363169999999930e-01
1.576899999999999886e-06 2.065594109999999983e-01
1.580000000000000119e-06 2.086138200000000054e-01
1.590000000000000023e-06 2.154577850000000128e-01
1.596300000000000073e-06 2.199410159999999892e-01
1.600000000000000139e-06 2.225835830000000015e-01
1.610000000000000044e-06 2.300076440000000111e-01
1.616200000000000086e-06 2.348014989999999969e-01
1.620000000000000160e-06 2.377475159999999921e-01
1.629999999999999852e-06 2.458219080000000056e-01
1.636700000000000144e-06 2.513864789999999960e-01
1.639999999999999968e-06 2.542507259999999825e-01
1.649999999999999872e-06 2.630550910000000187e-01
1.657600000000000020e-06 2.699919989999999825e-01
1.659999999999999988e-06 2.722573329999999903e-01
1.669999999999999893e-06 2.818809580000000148e-01
1.679099999999999941e-06 2.909746919999999792e-01
1.680000000000000009e-06 2.919505669999999942e-01
1.689999999999999913e-06 3.024917260000000163e-01
1.696600000000000197e-06 3.097558089999999931e-01
1.700000000000000029e-06 3.135307629999999901e-01
1.719099999999999982e-06 3.361381199999999847e-01
1.737600000000000101e-06 3.599121499999999862e-01
1.756400000000000031e-06 3.863828109999999927e-01
1.775699999999999999e-06 4.158496300000000256e-01
1.795299999999999989e-06 4.485763589999999801e-01
1.815399999999999805e-06 4.847515029999999725e-01
1.836000000000000082e-06 5.244357549999999479e-01
1.857099999999999973e-06 5.675244059999999813e-01
1.878600000000000106e-06 6.137378439999999769e-01
1.895100000000000075e-06 6.501938990000000196e-01
1.917499999999999852e-06 7.007878100000000110e-01
1.934700000000000298e-06 7.399308340000000372e-01
1.958000000000000142e-06 7.933160339999999477e-01
1.975999999999999800e-06 8.340128159999999902e-01
1.994199999999999897e-06 8.751018480000000155e-01
2.019000000000000066e-06 9.302974840000000079e-01
2.038100000000000019e-06 9.718907740000000128e-01
2.057500000000000206e-06 1.013584330000000033e+00
2.077299999999999999e-06 1.055340259999999919e+00
2.097500000000000247e-06 1.097136090000000008e+00
2.117999999999999881e-06 1.138961789999999974e+00
2.138999999999999765e-06 1.180817369999999977e+00
2.153199999999999984e-06 1.208739940000000068e+00
2.174900000000000132e-06 1.250663690000000106e+00
2.196999999999999887e-06 1.292646570000000050e+00
2.219599999999999891e-06 1.334709539999999972e+00
2.234899999999999981e-06 1.362806629999999908e+00
2.258199999999999826e-06 1.405051849999999991e+00
2.274099999999999962e-06 1.433293219999999923e+00
2.298299999999999662e-06 1.475789720000000083e+00
2.314700000000000047e-06 1.504222909999999969e+00
2.339800000000000027e-06 1.547044899999999945e+00
2.356799999999999610e-06 1.575720510000000019e+00
2.374000000000000056e-06 1.604506489999999896e+00
2.391600000000000107e-06 1.633413479999999973e+00
2.418299999999999784e-06 1.677017140000000017e+00
2.436500000000000304e-06 1.706261789999999889e+00
2.455000000000000212e-06 1.735656429999999917e+00
2.473700000000000134e-06 1.765210069999999964e+00
2.492700000000000291e-06 1.794930570000000003e+00
2.512100000000000055e-06 1.824828609999999962e+00
2.531699999999999833e-06 1.854912490000000025e+00
2.551600000000000270e-06 1.885191459999999930e+00
2.571899999999999889e-06 1.915673670000000106e+00
2.592499999999999742e-06 1.946370209999999989e+00
2.613399999999999830e-06 1.977289590000000041e+00
2.634599999999999729e-06 2.008441229999999855e+00
2.656200000000000081e-06 2.039835140000000102e+00
2.678200000000000040e-06 2.071479930000000191e+00
2.689299999999999815e-06 2.087400849999999863e+00
2.711800000000000023e-06 2.119443159999999882e+00
2.734700000000000261e-06 2.151761490000000165e+00
2.757899999999999887e-06 2.184368239999999961e+00
2.769699999999999926e-06 2.200783260000000130e+00
2.793600000000000240e-06 2.233839730000000134e+00
2.817899999999999736e-06 2.267211640000000195e+00
2.830200000000000025e-06 2.284019300000000197e+00
2.855099999999999989e-06 2.317881879999999839e+00
2.867799999999999885e-06 2.334941829999999996e+00
2.893400000000000114e-06 2.369322879999999909e+00
2.919399999999999950e-06 2.404062479999999891e+00
2.932599999999999671e-06 2.421572209999999892e+00
2.959399999999999990e-06 2.456874940000000063e+00
2.972999999999999742e-06 2.474671289999999857e+00
2.986699999999999712e-06 2.492566609999999905e+00
3.014500000000000107e-06 2.528662610000000033e+00
3.028600000000000107e-06 2.546866220000000069e+00
3.057100000000000342e-06 2.583589390000000208e+00
3.071599999999999950e-06 2.602115019999999834e+00
3.086299999999999995e-06 2.620749990000000196e+00
3.115900000000000101e-06 2.658360520000000005e+00
3.130999999999999753e-06 2.677338429999999825e+00
3.146200000000000048e-06 2.696435090000000034e+00
3.177000000000000245e-06 2.734988379999999886e+00
3.192699999999999942e-06 2.754448630000000175e+00
3.208499999999999859e-06 2.774034379999999800e+00
3.224399999999999994e-06 2.793748340000000052e+00
3.256900000000000107e-06 2.833565280000000186e+00
3.273300000000000068e-06 2.853671850000000010e+00
3.289899999999999621e-06 2.873914000000000080e+00
3.306700000000000036e-06 2.894294749999999805e+00
3.323700000000000043e-06 2.914813779999999799e+00
3.358099999999999663e-06 2.956280280000000094e+00
3.375599999999999919e-06 2.977231189999999916e+00
3.393300000000000190e-06 2.998331470000000110e+00
3.411099999999999833e-06 3.019580879999999912e+00
3.429199999999999711e-06 3.040983799999999793e+00
3.447400000000000231e-06 3.062543189999999971e+00
3.465800000000000343e-06 3.084258719999999787e+00
3.484500000000000265e-06 3.106136010000000169e+00
3.503299999999999984e-06 3.128174229999999945e+00
3.522400000000000360e-06 3.150377980000000022e+00
3.541599999999999685e-06 3.172750450000000111e+00
3.561100000000000091e-06 3.195292069999999818e+00
3.580700000000000293e-06 3.218008179999999996e+00
3.600599999999999882e-06 3.240897780000000061e+00
3.620699999999999910e-06 3.263966139999999960e+00
3.641099999999999749e-06 3.287217070000000074e+00
3.661700000000000026e-06 3.310649919999999913e+00
3.682500000000000318e-06 3.334271530000000094e+00
3.703500000000000201e-06 3.358081159999999787e+00
3.724800000000000319e-06 3.382083300000000126e+00
3.746300000000000029e-06 3.406282410000000205e+00
3.768099999999999973e-06 3.430678910000000137e+00
3.790099999999999931e-06 3.455277129999999808e+00
3.812399999999999701e-06 3.480081760000000024e+00
3.834999999999999705e-06 3.505093060000000094e+00
3.857799999999999724e-06 3.530317319999999981e+00
3.880900000000000400e-06 3.555755140000000036e+00
3.904300000000000041e-06 3.581410500000000052e+00
3.928000000000000339e-06 3.607289859999999848e+00
3.951900000000000229e-06 3.633392370000000149e+00
3.976200000000000149e-06 3.659725180000000133e+00
4.000700000000000507e-06 3.686288569999999876e+00
4.025499999999999829e-06 3.713088260000000140e+00
4.050700000000000028e-06 3.740129860000000139e+00
4.076200000000000038e-06 3.767413009999999840e+00
4.102000000000000706e-06 3.794945670000000160e+00
4.128099999999999490e-06 3.822728160000000042e+00
4.154599999999999999e-06 3.850766570000000222e+00
4.181400000000000318e-06 3.879066439999999893e+00
4.208499999999999602e-06 3.907628680000000188e+00
4.235999999999999762e-06 3.936459039999999909e+00
4.263899999999999952e-06 3.965564389999999939e+00
4.292099999999999953e-06 3.994944939999999889e+00
4.320800000000000203e-06 4.024608940000000246e+00
4.349800000000000265e-06 4.054557629999999691e+00
4.379100000000000137e-06 4.084797380000000366e+00
4.408900000000000258e-06 4.115335220000000405e+00
4.439099999999999562e-06 4.146171650000000319e+00
4.469699999999999743e-06 4.177316209999999863e+00
4.500800000000000174e-06 4.208769550000000415e+00
4.532300000000000635e-06 4.240539329999999829e+00
4.564199999999999432e-06 4.272632230000000142e+00
4.596499999999999952e-06 4.305050080000000001e+00
4.629400000000000095e-06 4.337802769999999697e+00
4.662700000000000267e-06 4.370891020000000182e+00
4.696500000000000689e-06 4.404323220000000205e+00
4.730800000000000513e-06 4.438107480000000216e+00
4.765500000000000367e-06 4.472244859999999989e+00
4.800799999999999843e-06 4.506746159999999612e+00
4.836700000000000634e-06 4.541613210000000400e+00
4.873000000000000609e-06 4.576854879999999959e+00
4.910000000000000424e-06 4.612479379999999907e+00
4.947400000000000269e-06 4.648489089999999990e+00
4.985499999999999955e-06 4.684895120000000190e+00
5.024099999999999890e-06 4.721699789999999730e+00
5.063399999999999666e-06 4.758912579999999615e+00
5.103299999999999911e-06 4.796543070000000242e+00
5.143799999999999778e-06 4.834593919999999656e+00
5.184900000000000113e-06 4.873077050000000021e+00
5.226700000000000288e-06 4.911995690000000359e+00
5.269199999999999458e-06 4.951359690000000313e+00
5.312400000000000162e-06 4.991179599999999716e+00
5.356299999999999861e-06 5.031458820000000109e+00
5.400900000000000247e-06 5.072210430000000159e+00
5.446299999999999846e-06 5.113438239999999801e+00
5.492499999999999505e-06 5.155153119999999589e+00
5.539399999999999852e-06 5.197366599999999615e+00
5.587200000000000479e-06 5.240082390000000423e+00
5.635799999999999472e-06 5.283315690000000231e+00
5.685200000000000218e-06 5.327069729999999836e+00
5.735500000000000397e-06 5.371357360000000192e+00
5.786700000000000009e-06 5.416191559999999683e+00
5.838900000000000119e-06 5.461576250000000243e+00
5.891899999999999442e-06 5.507528090000000098e+00
5.945999999999999483e-06 5.554051320000000125e+00
6.001100000000000023e-06 5.601159739999999942e+00
6.057099999999999995e-06 5.648868140000000260e+00
6.114300000000000057e-06 5.697180679999999775e+00
6.172500000000000618e-06 5.746116100000000060e+00
6.231900000000000422e-06 5.795679579999999831e+00
6.292400000000000097e-06 5.845886400000000371e+00
6.354099999999999862e-06 5.896752270000000351e+00
6.416999999999999717e-06 5.948283749999999870e+00
6.481099999999999662e-06 6.000499679999999891e+00
6.546600000000000136e-06 6.053407520000000375e+00
6.613400000000000073e-06 6.107023940000000373e+00
6.681600000000000538e-06 6.161366440000000111e+00
6.751199999999999838e-06 6.216442780000000390e+00
6.822299999999999885e-06 6.272273619999999994e+00
6.894800000000000462e-06 6.328868619999999723e+00
6.969000000000000531e-06 6.386245459999999596e+00
7.044699999999999653e-06 6.444424129999999806e+00
7.122099999999999963e-06 6.503413720000000176e+00
7.201299999999999984e-06 6.563234549999999778e+00
7.282199999999999497e-06 6.623907739999999933e+00
7.364899999999999569e-06 6.685442949999999662e+00
7.449600000000000639e-06 6.747865759999999824e+00
7.536199999999999945e-06 6.811187930000000001e+00
7.624900000000000468e-06 6.875431530000000180e+00
7.715599999999999447e-06 6.940621199999999824e+00
7.808600000000000081e-06 7.006768430000000158e+00
7.903800000000000457e-06 7.073903279999999683e+00
8.001400000000001014e-06 7.142037079999999705e+00
8.101400000000000056e-06 7.211197610000000147e+00
8.204000000000001412e-06 7.281412180000000234e+00
8.309100000000001473e-06 7.352694940000000123e+00
8.417099999999999422e-06 7.425079189999999940e+00
8.527799999999999904e-06 7.498581699999999906e+00
8.641500000000000188e-06 7.573231999999999964e+00
8.758300000000000492e-06 7.649062990000000006e+00
8.878299999999999343e-06 7.726092099999999796e+00
9.001600000000000348e-06 7.804358500000000198e+00
9.128399999999998863e-06 7.883882189999999568e+00
9.258800000000000190e-06 7.964699099999999810e+00
9.393000000000001378e-06 8.046847590000000494e+00
9.531100000000000954e-06 8.130350240000000284e+00
9.673299999999999355e-06 8.215253049999999391e+00
9.819900000000000628e-06 8.301582559999999944e+00
9.970999999999999910e-06 8.389381589999999278e+00
1.012700000000000147e-05 8.478697220000000812e+00
1.028800000000000043e-05 8.569559149999999903e+00
1.045299999999999970e-05 8.662023800000000051e+00
1.062500000000000076e-05 8.756125259999999244e+00
1.080199999999999924e-05 8.851918949999999953e+00
1.098499999999999901e-05 8.949462309999999476e+00
1.117400000000000008e-05 9.048797569999999624e+00
1.136999999999999956e-05 9.149988560000000604e+00
1.157300000000000083e-05 9.253102789999999800e+00
1.178400000000000102e-05 9.358192150000000709e+00
1.200200000000000130e-05 9.465339309999999173e+00
1.222899999999999930e-05 9.574603449999999683e+00
1.246399999999999959e-05 9.686070889999999878e+00
1.270800000000000098e-05 9.799832719999999497e+00
1.296200000000000058e-05 9.915964949999999334e+00
1.322700000000000058e-05 1.003457919999999959e+01
1.350200000000000049e-05 1.015576459999999948e+01
1.378999999999999841e-05 1.027964159999999971e+01
1.408900000000000012e-05 1.040634050000000066e+01
1.440300000000000084e-05 1.053597770000000011e+01
1.473000000000000127e-05 1.066871289999999917e+01
1.507199999999999901e-05 1.080468660000000014e+01
1.543099999999999846e-05 1.094407730000000001e+01
1.580799999999999840e-05 1.108708140000000064e+01
1.620300000000000055e-05 1.123388459999999966e+01
1.661799999999999912e-05 1.138473280000000010e+01
1.705600000000000069e-05 1.153985310000000020e+01
1.751699999999999847e-05 1.169952959999999997e+01
1.800300000000000026e-05 1.186407670000000003e+01
1.851800000000000126e-05 1.203380970000000083e+01
1.906200000000000147e-05 1.220912599999999948e+01
1.964000000000000169e-05 1.239042010000000005e+01
2.025400000000000293e-05 1.257817209999999974e+01
2.090700000000000159e-05 1.277292029999999912e+01
2.160399999999999848e-05 1.297523130000000080e+01
2.234899999999999897e-05 1.318580039999999975e+01
2.314699999999999709e-05 1.340535880000000013e+01
2.400400000000000260e-05 1.363478259999999942e+01
2.492700000000000037e-05 1.387507420000000025e+01
2.592499999999999997e-05 1.412733429999999935e+01
2.700499999999999979e-05 1.439289959999999979e+01
2.817899999999999905e-05 1.467324860000000086e+01
2.946000000000000254e-05 1.497015910000000005e+01
3.086299999999999910e-05 1.528571550000000023e+01
3.240600000000000110e-05 1.562231249999999960e+01
3.411099999999999918e-05 1.598286380000000051e+01
3.600600000000000052e-05 1.637086070000000149e+01
3.812400000000000294e-05 1.679044139999999885e+01
