2.999999999999999864e-07 2.255003050000000009e+00
3.099999999999999966e-07 2.276960320000000149e+00
3.200000000000000067e-07 2.289218120000000134e+00
3.300000000000000168e-07 2.292761340000000203e+00
3.400000000000000270e-07 2.288926079999999974e+00
3.499999999999999842e-07 2.279176080000000049e+00
3.599999999999999943e-07 2.264939019999999914e+00
3.700000000000000044e-07 2.247508910000000082e+00
3.800000000000000146e-07 2.228004139999999911e+00
3.900000000000000247e-07 2.207364220000000099e+00
4.000000000000000348e-07 2.186370600000000053e+00
4.099999999999999920e-07 2.165682170000000184e+00
4.200000000000000022e-07 2.145884689999999928e+00
4.300000000000000123e-07 2.127576480000000103e+00
4.400000000000000224e-07 2.111750409999999967e+00
4.500000000000000326e-07 2.098939140000000148e+00
4.600000000000000427e-07 2.087800549999999866e+00
4.699999999999999470e-07 2.077806610000000109e+00
4.799999999999999571e-07 2.068669229999999803e+00
4.899999999999999672e-07 2.060199990000000092e+00
4.999999999999999774e-07 2.052265139999999821e+00
5.099999999999999875e-07 2.044764949999999804e+00
5.199999999999999976e-07 2.037622450000000196e+00
5.300000000000000078e-07 2.030776739999999858e+00
5.400000000000000179e-07 2.024178679999999897e+00
5.500000000000000281e-07 2.017787960000000158e+00
5.600000000000000382e-07 2.011571079999999956e+00
5.699999999999999424e-07 2.005499899999999780e+00
5.799999999999999526e-07 1.999550530000000048e+00
5.899999999999999627e-07 1.993702489999999994e+00
5.999999999999999728e-07 1.987938130000000081e+00
6.099999999999999830e-07 1.982242119999999996e+00
6.199999999999999931e-07 1.976601030000000092e+00
6.300000000000000033e-07 1.971003059999999918e+00
6.400000000000000134e-07 1.965437780000000023e+00
6.500000000000000235e-07 1.959895900000000024e+00
6.600000000000000337e-07 1.954369129999999899e+00
6.700000000000000438e-07 1.948850049999999889e+00
6.800000000000000539e-07 1.943331939999999980e+00
6.899999999999999582e-07 1.937808739999999919e+00
6.999999999999999683e-07 1.932274950000000047e+00
7.099999999999999785e-07 1.926725540000000070e+00
7.199999999999999886e-07 1.921155909999999967e+00
7.299999999999999987e-07 1.915561840000000071e+00
7.400000000000000089e-07 1.909939430000000105e+00
7.500000000000000190e-07 1.904285070000000024e+00
7.600000000000000291e-07 1.898595430000000084e+00
7.700000000000000393e-07 1.892867379999999988e+00
7.800000000000000494e-07 1.887098010000000103e+00
7.900000000000000595e-07 1.881284589999999923e+00
8.000000000000000697e-07 1.875424549999999968e+00
8.100000000000000798e-07 1.869515459999999907e+00
8.199999999999999841e-07 1.863555029999999890e+00
8.299999999999999942e-07 1.857541069999999905e+00
8.400000000000000043e-07 1.851471510000000098e+00
8.500000000000000145e-07 1.845344340000000027e+00
8.600000000000000246e-07 1.839157680000000017e+00
8.700000000000000347e-07 1.832909670000000046e+00
8.800000000000000449e-07 1.826598560000000093e+00
8.900000000000000550e-07 1.820222629999999953e+00
9.000000000000000652e-07 1.813780219999999943e+00
9.100000000000000753e-07 1.807269709999999918e+00
9.200000000000000854e-07 1.800689519999999932e+00
9.300000000000000956e-07 1.794038110000000019e+00
9.399999999999998939e-07 1.787313970000000030e+00
9.499999999999999041e-07 1.780515599999999976e+00
9.599999999999999142e-07 1.773641540000000072e+00
9.700000000000000302e-07 1.766690330000000086e+00
9.799999999999999345e-07 1.759660529999999889e+00
9.900000000000000505e-07 1.752550730000000057e+00
9.999999999999999547e-07 1.745359490000000013e+00
1.010000000000000071e-06 1.738085399999999892e+00
1.019999999999999975e-06 1.730727050000000045e+00
1.030000000000000091e-06 1.723283019999999999e+00
1.039999999999999995e-06 1.715751889999999946e+00
1.050000000000000111e-06 1.708132240000000079e+00
1.060000000000000016e-06 1.700422630000000046e+00
1.070000000000000132e-06 1.692621630000000099e+00
1.080000000000000036e-06 1.684727770000000069e+00
1.090000000000000152e-06 1.676739589999999946e+00
1.100000000000000056e-06 1.668655599999999906e+00
1.110000000000000172e-06 1.660474299999999959e+00
1.120000000000000076e-06 1.652194149999999917e+00
1.129999999999999981e-06 1.643813619999999975e+00
1.139999999999999885e-06 1.635331129999999966e+00
1.150000000000000001e-06 1.626745080000000065e+00
1.159999999999999905e-06 1.618053849999999905e+00
1.170000000000000021e-06 1.609255770000000085e+00
1.179999999999999925e-06 1.600349170000000099e+00
1.190000000000000041e-06 1.591332320000000022e+00
1.199999999999999946e-06 1.582203459999999895e+00
1.210000000000000062e-06 1.572960799999999937e+00
1.219999999999999966e-06 1.563602509999999945e+00
1.230000000000000082e-06 1.554126710000000022e+00
1.239999999999999986e-06 1.544531499999999946e+00
1.250000000000000102e-06 1.534814899999999982e+00
1.260000000000000007e-06 1.524974920000000012e+00
1.270000000000000123e-06 1.515009499999999898e+00
1.280000000000000027e-06 1.504916549999999908e+00
1.289999999999999931e-06 1.494693899999999909e+00
1.300000000000000047e-06 1.484339349999999946e+00
1.309999999999999951e-06 1.473850649999999929e+00
1.320000000000000067e-06 1.463225489999999906e+00
1.329999999999999972e-06 1.452461489999999911e+00
1.340000000000000088e-06 1.441556229999999994e+00
1.349999999999999992e-06 1.430507219999999968e+00
1.379000000000000053e-06 1.397668820000000034e+00
1.399799999999999922e-06 1.373237030000000081e+00
1.418199999999999822e-06 1.351124310000000106e+00
1.429999999999999861e-06 1.336623550000000105e+00
1.437099999999999971e-06 1.327843179999999901e+00
1.439999999999999977e-06 1.324159770000000069e+00
1.449999999999999881e-06 1.311524380000000045e+00
1.459699999999999975e-06 1.299081469999999960e+00
1.459999999999999997e-06 1.298714369999999896e+00
1.469999999999999902e-06 1.285726689999999950e+00
1.479699999999999995e-06 1.272940989999999939e+00
1.480000000000000018e-06 1.272558290000000092e+00
1.489999999999999922e-06 1.259206129999999924e+00
1.496800000000000009e-06 1.250022809999999929e+00
1.500000000000000038e-06 1.245667199999999974e+00
1.509999999999999942e-06 1.231938540000000026e+00
1.517800000000000105e-06 1.221054300000000037e+00
1.520000000000000058e-06 1.218017249999999940e+00
1.529999999999999963e-06 1.203900570000000059e+00
1.539500000000000041e-06 1.190360759999999907e+00
1.540000000000000079e-06 1.189585839999999894e+00
1.549999999999999983e-06 1.175070639999999944e+00
1.557999999999999949e-06 1.163363869999999967e+00
1.560000000000000099e-06 1.160352749999999933e+00
1.570000000000000003e-06 1.145430289999999962e+00
1.576899999999999886e-06 1.134985270000000046e+00
1.580000000000000119e-06 1.130301739999999944e+00
1.590000000000000023e-06 1.114966080000000082e+00
1.596300000000000073e-06 1.105137510000000045e+00
1.600000000000000139e-06 1.099422829999999962e+00
1.610000000000000044e-06 1.083672229999999903e+00
1.616200000000000086e-06 1.073734350000000060e+00
1.620000000000000160e-06 1.067715380000000103e+00
1.629999999999999852e-06 1.051554359999999910e+00
1.636700000000000144e-06 1.040695490000000056e+00
1.639999999999999968e-06 1.035192459999999981e+00
1.649999999999999872e-06 1.018634400000000051e+00
1.657600000000000020e-06 1.005957720000000055e+00
1.659999999999999988e-06 1.001886569999999921e+00
1.669999999999999893e-06 9.849573270000000491e-01
1.679099999999999941e-06 9.694877990000000390e-01
1.680000000000000009e-06 9.678573019999999749e-01
1.689999999999999913e-06 9.505997520000000200e-01
1.696600000000000197e-06 9.390750970000000253e-01
1.700000000000000029e-06 9.332009359999999809e-01
1.719099999999999982e-06 8.995909119999999648e-01
1.737600000000000101e-06 8.669546599999999881e-01
1.756400000000000031e-06 8.335779589999999795e-01
1.775699999999999999e-06 7.997296090000000079e-01
1.795299999999999989e-06 7.657825419999999550e-01
1.815399999999999805e-06 7.322097010000000461e-01
1.836000000000000082e-06 6.995657389999999642e-01
1.857099999999999973e-06 6.684346460000000212e-01
1.878600000000000106e-06 6.393571529999999559e-01
1.895100000000000075e-06 6.191599089999999528e-01
1.917499999999999852e-06 5.946078249999999787e-01
1.934700000000000298e-06 5.780504869999999462e-01
1.958000000000000142e-06 5.584466999999999626e-01
1.975999999999999800e-06 5.455374610000000013e-01
1.994199999999999897e-06 5.340829719999999892e-01
2.019000000000000066e-06 5.209136210000000489e-01
2.038100000000000019e-06 5.124871300000000129e-01
2.057500000000000206e-06 5.051963400000000215e-01
2.077299999999999999e-06 4.989489280000000138e-01
2.097500000000000247e-06 4.936594409999999766e-01
2.117999999999999881e-06 4.892501530000000209e-01
2.138999999999999765e-06 4.856512729999999944e-01
2.153199999999999984e-06 4.836714029999999998e-01
2.174900000000000132e-06 4.812891309999999812e-01
2.196999999999999887e-06 4.795680700000000130e-01
2.219599999999999891e-06 4.784644220000000003e-01
2.234899999999999981e-06 4.780527119999999908e-01
2.258199999999999826e-06 4.778963560000000221e-01
2.274099999999999962e-06 4.780867950000000088e-01
2.298299999999999662e-06 4.787951899999999816e-01
2.314700000000000047e-06 4.795394809999999897e-01
2.339800000000000027e-06 4.810493259999999993e-01
2.356799999999999610e-06 4.823108589999999807e-01
2.374000000000000056e-06 4.837712169999999756e-01
2.391600000000000107e-06 4.854267820000000011e-01
2.418299999999999784e-06 4.882691279999999967e-01
2.436500000000000304e-06 4.903996059999999879e-01
2.455000000000000212e-06 4.927160500000000165e-01
2.473700000000000134e-06 4.952168470000000156e-01
2.492700000000000291e-06 4.979006719999999886e-01
2.512100000000000055e-06 5.007668290000000244e-01
2.531699999999999833e-06 5.038147640000000260e-01
2.551600000000000270e-06 5.070443550000000021e-01
2.571899999999999889e-06 5.104556770000000521e-01
2.592499999999999742e-06 5.140494540000000168e-01
2.613399999999999830e-06 5.178264219999999529e-01
2.634599999999999729e-06 5.217877119999999591e-01
2.656200000000000081e-06 5.259348150000000555e-01
2.678200000000000040e-06 5.302693160000000461e-01
2.689299999999999815e-06 5.325076530000000252e-01
2.711800000000000023e-06 5.371275110000000019e-01
2.734700000000000261e-06 5.419403990000000171e-01
2.757899999999999887e-06 5.469493850000000101e-01
2.769699999999999926e-06 5.495283949999999473e-01
2.793600000000000240e-06 5.548369380000000017e-01
2.817899999999999736e-06 5.603498319999999921e-01
2.830200000000000025e-06 5.631840860000000282e-01
2.855099999999999989e-06 5.690101789999999493e-01
2.867799999999999885e-06 5.720034550000000495e-01
2.893400000000000114e-06 5.781526719999999786e-01
2.919399999999999950e-06 5.845228139999999462e-01
2.932599999999999671e-06 5.877926110000000204e-01
2.959399999999999990e-06 5.945041639999999461e-01
2.972999999999999742e-06 5.979473440000000473e-01
2.986699999999999712e-06 6.014497819999999884e-01
3.014500000000000107e-06 6.086358419999999825e-01
3.028600000000000107e-06 6.123209530000000012e-01
3.057100000000000342e-06 6.198786640000000236e-01
3.071599999999999950e-06 6.237535020000000152e-01
3.086299999999999995e-06 6.276930120000000501e-01
3.115900000000000101e-06 6.357708570000000226e-01
3.130999999999999753e-06 6.399108150000000217e-01
3.146200000000000048e-06 6.441197010000000445e-01
3.177000000000000245e-06 6.527474970000000098e-01
3.192699999999999942e-06 6.571684650000000349e-01
3.208499999999999859e-06 6.616623780000000510e-01
3.224399999999999994e-06 6.662305280000000440e-01
3.256900000000000107e-06 6.755933419999999856e-01
3.273300000000000068e-06 6.803902760000000161e-01
3.289899999999999621e-06 6.852660510000000427e-01
3.306700000000000036e-06 6.902221649999999986e-01
3.323700000000000043e-06 6.952593190000000423e-01
3.358099999999999663e-06 7.055833440000000012e-01
3.375599999999999919e-06 7.108727460000000553e-01
3.393300000000000190e-06 7.162493009999999494e-01
3.411099999999999833e-06 7.217138419999999943e-01
3.429199999999999711e-06 7.272684099999999763e-01
3.447400000000000231e-06 7.329147129999999954e-01
3.465800000000000343e-06 7.386536310000000327e-01
3.484500000000000265e-06 7.444876379999999516e-01
3.503299999999999984e-06 7.504175220000000035e-01
3.522400000000000360e-06 7.564455620000000158e-01
3.541599999999999685e-06 7.625736920000000252e-01
3.561100000000000091e-06 7.688031220000000054e-01
3.580700000000000293e-06 7.751364560000000292e-01
3.600599999999999882e-06 7.815745610000000010e-01
3.620699999999999910e-06 7.881200900000000509e-01
3.641099999999999749e-06 7.947753490000000198e-01
3.661700000000000026e-06 8.015413860000000223e-01
3.682500000000000318e-06 8.084214509999999576e-01
3.703500000000000201e-06 8.154166320000000301e-01
3.724800000000000319e-06 8.225295889999999499e-01
3.746300000000000029e-06 8.297630150000000482e-01
3.768099999999999973e-06 8.371184489999999867e-01
3.790099999999999931e-06 8.445986349999999865e-01
3.812399999999999701e-06 8.522064870000000125e-01
3.834999999999999705e-06 8.599436110000000522e-01
3.857799999999999724e-06 8.678135110000000374e-01
3.880900000000000400e-06 8.758179759999999980e-01
3.904300000000000041e-06 8.839598979999999662e-01
3.928000000000000339e-06 8.922430230000000240e-01
3.951900000000000229e-06 9.006688050000000167e-01
3.976200000000000149e-06 9.092413320000000132e-01
4.000700000000000507e-06 9.179625190000000323e-01
4.025499999999999829e-06 9.268361080000000474e-01
4.050700000000000028e-06 9.358658899999999781e-01
4.076200000000000038e-06 9.450537190000000143e-01
4.102000000000000706e-06 9.544042990000000115e-01
4.128099999999999490e-06 9.639198249999999524e-01
4.154599999999999999e-06 9.736045079999999796e-01
4.181400000000000318e-06 9.834624680000000341e-01
4.208499999999999602e-06 9.934962760000000115e-01
4.235999999999999762e-06 1.003710270000000016e+00
4.263899999999999952e-06 1.014109249999999962e+00
4.292099999999999953e-06 1.024695759999999956e+00
4.320800000000000203e-06 1.035475289999999937e+00
4.349800000000000265e-06 1.046450850000000043e+00
4.379100000000000137e-06 1.057627440000000085e+00
4.408900000000000258e-06 1.069010390000000088e+00
4.439099999999999562e-06 1.080602700000000027e+00
4.469699999999999743e-06 1.092410829999999944e+00
4.500800000000000174e-06 1.104438019999999909e+00
4.532300000000000635e-06 1.116690210000000016e+00
4.564199999999999432e-06 1.129173149999999959e+00
4.596499999999999952e-06 1.141890770000000055e+00
4.629400000000000095e-06 1.154850270000000068e+00
4.662700000000000267e-06 1.168055360000000098e+00
4.696500000000000689e-06 1.181512899999999977e+00
4.730800000000000513e-06 1.195229789999999959e+00
4.765500000000000367e-06 1.209210179999999912e+00
4.800799999999999843e-06 1.223462330000000042e+00
4.836700000000000634e-06 1.237990960000000085e+00
4.873000000000000609e-06 1.252803810000000073e+00
4.910000000000000424e-06 1.267908550000000023e+00
4.947400000000000269e-06 1.283310490000000081e+00
4.985499999999999955e-06 1.299018849999999947e+00
5.024099999999999890e-06 1.315039199999999964e+00
5.063399999999999666e-06 1.331380369999999980e+00
5.103299999999999911e-06 1.348051469999999918e+00
5.143799999999999778e-06 1.365058679999999969e+00
5.184900000000000113e-06 1.382412509999999983e+00
5.226700000000000288e-06 1.400119740000000057e+00
5.269199999999999458e-06 1.418190330000000055e+00
5.312400000000000162e-06 1.436634839999999969e+00
5.356299999999999861e-06 1.455460659999999962e+00
5.400900000000000247e-06 1.474679969999999951e+00
5.446299999999999846e-06 1.494300769999999945e+00
5.492499999999999505e-06 1.514334660000000055e+00
5.539399999999999852e-06 1.534793819999999975e+00
5.587200000000000479e-06 1.555686899999999984e+00
5.635799999999999472e-06 1.577028400000000108e+00
5.685200000000000218e-06 1.598827210000000054e+00
5.735500000000000397e-06 1.621097250000000045e+00
5.786700000000000009e-06 1.643852850000000032e+00
5.838900000000000119e-06 1.667104039999999898e+00
5.891899999999999442e-06 1.690867679999999984e+00
5.945999999999999483e-06 1.715154520000000016e+00
6.001100000000000023e-06 1.739980630000000028e+00
6.057099999999999995e-06 1.765362979999999915e+00
6.114300000000000057e-06 1.791313259999999907e+00
6.172500000000000618e-06 1.817851340000000038e+00
6.231900000000000422e-06 1.844990160000000046e+00
6.292400000000000097e-06 1.872748520000000028e+00
6.354099999999999862e-06 1.901145979999999902e+00
6.416999999999999717e-06 1.930197399999999952e+00
6.481099999999999662e-06 1.959924999999999917e+00
6.546600000000000136e-06 1.990345000000000031e+00
6.613400000000000073e-06 2.021479380000000159e+00
6.681600000000000538e-06 2.053351160000000064e+00
6.751199999999999838e-06 2.085978200000000005e+00
6.822299999999999885e-06 2.119386480000000184e+00
6.894800000000000462e-06 2.153596009999999783e+00
6.969000000000000531e-06 2.188632220000000128e+00
7.044699999999999653e-06 2.224522579999999916e+00
7.122099999999999963e-06 2.261288519999999913e+00
7.201299999999999984e-06 2.298959029999999792e+00
7.282199999999999497e-06 2.337564410000000148e+00
7.364899999999999569e-06 2.377128369999999880e+00
7.449600000000000639e-06 2.417685520000000032e+00
7.536199999999999945e-06 2.459262349999999930e+00
7.624900000000000468e-06 2.501892840000000007e+00
7.715599999999999447e-06 2.545613579999999931e+00
7.808600000000000081e-06 2.590453239999999990e+00
7.903800000000000457e-06 2.636453910000000178e+00
8.001400000000001014e-06 2.683645820000000182e+00
8.101400000000000056e-06 2.732071459999999785e+00
8.204000000000001412e-06 2.781774149999999945e+00
8.309100000000001473e-06 2.832788910000000104e+00
8.417099999999999422e-06 2.885165479999999949e+00
8.527799999999999904e-06 2.938942819999999845e+00
8.641500000000000188e-06 2.994170309999999890e+00
8.758300000000000492e-06 3.050901119999999800e+00
8.878299999999999343e-06 3.109178130000000095e+00
9.001600000000000348e-06 3.169061849999999847e+00
9.128399999999998863e-06 3.230599569999999865e+00
9.258800000000000190e-06 3.293852139999999817e+00
9.393000000000001378e-06 3.358883919999999801e+00
9.531100000000000954e-06 3.425748229999999950e+00
9.673299999999999355e-06 3.494518610000000081e+00
9.819900000000000628e-06 3.565254480000000115e+00
9.970999999999999910e-06 3.638030089999999994e+00
1.012700000000000147e-05 3.712925069999999828e+00
1.028800000000000043e-05 3.790006219999999981e+00
1.045299999999999970e-05 3.869364640000000133e+00
1.062500000000000076e-05 3.951074230000000131e+00
1.080199999999999924e-05 4.035229039999999934e+00
1.098499999999999901e-05 4.121927079999999854e+00
1.117400000000000008e-05 4.211254779999999975e+00
1.136999999999999956e-05 4.303319740000000060e+00
1.157300000000000083e-05 4.398235210000000173e+00
1.178400000000000102e-05 4.496102080000000001e+00
1.200200000000000130e-05 4.597051900000000302e+00
1.222899999999999930e-05 4.701196279999999561e+00
1.246399999999999959e-05 4.808674569999999981e+00
1.270800000000000098e-05 4.919633170000000000e+00
1.296200000000000058e-05 5.034205789999999681e+00
1.322700000000000058e-05 5.152563259999999978e+00
1.350200000000000049e-05 5.274856119999999926e+00
1.378999999999999841e-05 5.401268189999999692e+00
1.408900000000000012e-05 5.531995580000000245e+00
1.440300000000000084e-05 5.667221969999999942e+00
1.473000000000000127e-05 5.807177539999999638e+00
1.507199999999999901e-05 5.952073819999999849e+00
1.543099999999999846e-05 6.102164000000000144e+00
1.580799999999999840e-05 6.257721840000000313e+00
1.620300000000000055e-05 6.419010270000000240e+00
1.661799999999999912e-05 6.586358309999999605e+00
1.705600000000000069e-05 6.760074389999999767e+00
1.751699999999999847e-05 6.940529579999999754e+00
1.800300000000000026e-05 7.128128610000000087e+00
1.851800000000000126e-05 7.323274900000000365e+00
1.906200000000000147e-05 7.526463220000000121e+00
1.964000000000000169e-05 7.738181159999999892e+00
2.025400000000000293e-05 7.959010720000000205e+00
2.090700000000000159e-05 8.189595499999999362e+00
2.160399999999999848e-05 8.430604349999999414e+00
2.234899999999999897e-05 8.682848129999999998e+00
2.314699999999999709e-05 8.947167470000000122e+00
2.400400000000000260e-05 9.224560679999999735e+00
2.492700000000000037e-05 9.516158499999999520e+00
2.592499999999999997e-05 9.823185970000000822e+00
2.700499999999999979e-05 1.014712500000000084e+01
2.817899999999999905e-05 1.048959299999999928e+01
2.946000000000000254e-05 1.085252739999999960e+01
3.086299999999999910e-05 1.123818439999999974e+01
3.240600000000000110e-05 1.164913109999999996e+01
3.411099999999999918e-05 1.208848339999999943e+01
3.600600000000000052e-05 1.255995569999999972e+01
3.812400000000000294e-05 1.306791819999999937e+01
