2.500000000000000416e-07 2.656819459999999911e+00
2.549999999999999938e-07 3.240813750000000049e+00
2.599999999999999988e-07 3.615855200000000380e+00
2.650000000000000039e-07 3.793815560000000087e+00
2.700000000000000090e-07 3.923616299999999946e+00
2.750000000000000140e-07 4.055561200000000532e+00
2.800000000000000191e-07 4.110774069999999725e+00
2.850000000000000242e-07 4.077183559999999929e+00
2.900000000000000292e-07 3.991649489999999911e+00
2.950000000000000343e-07 3.891900329999999908e+00
3.000000000000000394e-07 3.799596329999999966e+00
3.050000000000000444e-07 3.722700849999999839e+00
3.099999999999999966e-07 3.662566219999999984e+00
3.150000000000000016e-07 3.618149960000000220e+00
3.200000000000000067e-07 3.586584750000000099e+00
3.250000000000000118e-07 3.565522699999999823e+00
3.300000000000000168e-07 3.553050610000000109e+00
3.350000000000000219e-07 3.547982880000000172e+00
3.400000000000000270e-07 3.549645130000000037e+00
3.450000000000000320e-07 3.557746330000000068e+00
3.500000000000000371e-07 3.572441790000000061e+00
3.550000000000000422e-07 3.594320649999999784e+00
3.600000000000000472e-07 3.623837360000000007e+00
3.649999999999999994e-07 3.662058290000000049e+00
3.700000000000000044e-07 3.710653100000000482e+00
3.750000000000000095e-07 3.771118879999999951e+00
3.800000000000000146e-07 3.845878860000000010e+00
3.850000000000000196e-07 3.946652119999999986e+00
3.900000000000000247e-07 4.110323809999999689e+00
3.950000000000000298e-07 4.308925549999999660e+00
4.000000000000000348e-07 4.441209620000000413e+00
4.050000000000000399e-07 4.496930200000000433e+00
4.100000000000000450e-07 4.531599139999999970e+00
4.150000000000000500e-07 4.592643930000000374e+00
4.200000000000000022e-07 4.734173239999999616e+00
4.250000000000000072e-07 4.969969400000000093e+00
4.300000000000000123e-07 5.128875820000000196e+00
4.350000000000000174e-07 5.106235530000000189e+00
4.400000000000000224e-07 5.022186810000000001e+00
4.450000000000000275e-07 4.933846469999999762e+00
4.500000000000000326e-07 4.847498640000000414e+00
4.550000000000000376e-07 4.765242009999999695e+00
4.600000000000000427e-07 4.689038909999999838e+00
4.650000000000000478e-07 4.619996470000000244e+00
4.700000000000000528e-07 4.557658319999999819e+00
4.750000000000000050e-07 4.502449480000000115e+00
4.800000000000000630e-07 4.452677529999999884e+00
4.850000000000000151e-07 4.407948470000000007e+00
4.900000000000000731e-07 4.367321010000000392e+00
4.950000000000000252e-07 4.329809069999999593e+00
5.000000000000000833e-07 4.294919619999999938e+00
5.050000000000000354e-07 4.262695889999999821e+00
5.099999999999999875e-07 4.232330720000000213e+00
5.150000000000000455e-07 4.203761639999999744e+00
5.199999999999999976e-07 4.176836289999999785e+00
5.250000000000000557e-07 4.151540250000000043e+00
5.300000000000000078e-07 4.127638570000000229e+00
5.350000000000000658e-07 4.105101119999999604e+00
5.400000000000000179e-07 4.083879519999999985e+00
5.450000000000000759e-07 4.063780089999999845e+00
5.500000000000000281e-07 4.044723440000000281e+00
5.550000000000000861e-07 4.026755089999999981e+00
5.600000000000000382e-07 4.009632650000000353e+00
5.649999999999999903e-07 3.993462689999999871e+00
5.700000000000000483e-07 3.978121049999999936e+00
5.750000000000000004e-07 3.963574320000000206e+00
5.800000000000000585e-07 3.949775919999999996e+00
5.850000000000000106e-07 3.936602779999999857e+00
5.900000000000000686e-07 3.924205539999999992e+00
5.950000000000000207e-07 3.912400830000000163e+00
6.000000000000000787e-07 3.901149799999999779e+00
6.050000000000000309e-07 3.890361239999999832e+00
6.100000000000000889e-07 3.880080979999999791e+00
6.150000000000000410e-07 3.870294789999999985e+00
6.199999999999999931e-07 3.860803700000000394e+00
6.250000000000000511e-07 3.851898639999999929e+00
6.300000000000000033e-07 3.843415450000000178e+00
6.350000000000000613e-07 3.835239019999999943e+00
6.400000000000000134e-07 3.827320559999999983e+00
6.450000000000000714e-07 3.819772490000000076e+00
6.500000000000000235e-07 3.812583930000000176e+00
6.550000000000000815e-07 3.805708670000000016e+00
6.600000000000000337e-07 3.799129119999999915e+00
6.650000000000000917e-07 3.792837650000000060e+00
6.700000000000000438e-07 3.786928669999999997e+00
6.749999999999999959e-07 3.781291239999999831e+00
6.800000000000000539e-07 3.775946240000000120e+00
6.850000000000000061e-07 3.770860569999999967e+00
6.900000000000000641e-07 3.765847560000000094e+00
6.950000000000000162e-07 3.760766049999999971e+00
7.000000000000000742e-07 3.755299030000000204e+00
7.050000000000000263e-07 3.749603940000000080e+00
7.100000000000000843e-07 3.743506870000000042e+00
7.150000000000000365e-07 3.737329159999999817e+00
7.200000000000000945e-07 3.731060100000000102e+00
7.250000000000000466e-07 3.725110729999999926e+00
7.299999999999999987e-07 3.719291779999999825e+00
7.350000000000000567e-07 3.713938010000000123e+00
7.400000000000000089e-07 3.708743039999999880e+00
7.450000000000000669e-07 3.703810670000000194e+00
7.500000000000000190e-07 3.699123189999999894e+00
7.550000000000000770e-07 3.694596339999999923e+00
7.600000000000000291e-07 3.690320269999999958e+00
7.650000000000000871e-07 3.686112329999999826e+00
7.700000000000000393e-07 3.682188909999999815e+00
7.750000000000000973e-07 3.678289850000000083e+00
7.800000000000000494e-07 3.674691829999999992e+00
7.850000000000000015e-07 3.671100070000000049e+00
7.900000000000000595e-07 3.667722410000000099e+00
7.950000000000000117e-07 3.664350139999999811e+00
8.000000000000000697e-07 3.661252189999999906e+00
8.050000000000000218e-07 3.658152840000000072e+00
8.100000000000000798e-07 3.655313819999999936e+00
8.150000000000000319e-07 3.652484429999999893e+00
8.200000000000000899e-07 3.649980489999999911e+00
8.250000000000000421e-07 3.647537289999999821e+00
8.300000000000001001e-07 3.645422579999999968e+00
8.350000000000000522e-07 3.643472410000000217e+00
8.400000000000000043e-07 3.641932029999999987e+00
8.450000000000000623e-07 3.640930019999999878e+00
8.500000000000000145e-07 3.640216220000000114e+00
8.550000000000000725e-07 3.641313670000000169e+00
8.600000000000000246e-07 3.642414239999999914e+00
8.650000000000000826e-07 3.643425639999999799e+00
8.700000000000000347e-07 3.644430390000000131e+00
8.750000000000000928e-07 3.642726999999999826e+00
8.800000000000000449e-07 3.636021899999999807e+00
8.850000000000001029e-07 3.629338390000000025e+00
8.900000000000000550e-07 3.619251980000000035e+00
8.950000000000000071e-07 3.608572339999999823e+00
9.000000000000000652e-07 3.598656880000000058e+00
9.050000000000000173e-07 3.590656629999999794e+00
9.100000000000000753e-07 3.582638619999999996e+00
9.150000000000000274e-07 3.575983729999999916e+00
9.200000000000000854e-07 3.570070920000000037e+00
9.250000000000000376e-07 3.564148299999999825e+00
9.300000000000000956e-07 3.559211969999999781e+00
9.350000000000000477e-07 3.554349209999999815e+00
9.400000000000001057e-07 3.549562410000000057e+00
9.450000000000000578e-07 3.545368850000000016e+00
9.500000000000000100e-07 3.541170329999999922e+00
9.549999999999999621e-07 3.537072830000000057e+00
9.600000000000001260e-07 3.533324320000000185e+00
9.650000000000000781e-07 3.529571830000000077e+00
9.700000000000000302e-07 3.525924960000000219e+00
9.749999999999999823e-07 3.522603489999999837e+00
9.800000000000001462e-07 3.519278879999999887e+00
9.850000000000000984e-07 3.515992750000000111e+00
