2.500000000000000416e-07 4.202581269999999591e+00
2.549999999999999938e-07 4.050098809999999716e+00
2.599999999999999988e-07 3.709367850000000022e+00
2.650000000000000039e-07 3.393077219999999894e+00
2.700000000000000090e-07 3.161197309999999927e+00
2.750000000000000140e-07 2.906871810000000167e+00
2.800000000000000191e-07 2.621307509999999841e+00
2.850000000000000242e-07 2.365471460000000192e+00
2.900000000000000292e-07 2.174046989999999901e+00
2.950000000000000343e-07 2.046839809999999815e+00
3.000000000000000394e-07 1.968705860000000030e+00
3.050000000000000444e-07 1.923553669999999993e+00
3.099999999999999966e-07 1.899760920000000075e+00
3.150000000000000016e-07 1.889862380000000064e+00
3.200000000000000067e-07 1.888499300000000325e+00
3.250000000000000118e-07 1.892893600000000065e+00
3.300000000000000168e-07 1.901629460000000105e+00
3.350000000000000219e-07 1.914270860000000019e+00
3.400000000000000270e-07 1.930456849999999891e+00
3.450000000000000320e-07 1.950143369999999932e+00
3.500000000000000371e-07 1.973211019999999927e+00
3.550000000000000422e-07 1.999661710000000037e+00
3.600000000000000472e-07 2.029304629999999943e+00
3.649999999999999994e-07 2.062077320000000213e+00
3.700000000000000044e-07 2.097950969999999860e+00
3.750000000000000095e-07 2.136586770000000080e+00
3.800000000000000146e-07 2.179202290000000097e+00
3.850000000000000196e-07 2.231577530000000031e+00
3.900000000000000247e-07 2.270040110000000055e+00
3.950000000000000298e-07 2.216189700000000151e+00
4.000000000000000348e-07 2.086706260000000146e+00
4.050000000000000399e-07 1.972678199999999826e+00
4.100000000000000450e-07 1.909294900000000128e+00
4.150000000000000500e-07 1.892520229999999914e+00
4.200000000000000022e-07 1.888766659999999931e+00
4.250000000000000072e-07 1.785937539999999935e+00
4.300000000000000123e-07 1.496731309999999926e+00
4.350000000000000174e-07 1.214556549999999957e+00
4.400000000000000224e-07 1.019471980000000055e+00
4.450000000000000275e-07 8.829598079999999571e-01
4.500000000000000326e-07 7.769015490000000801e-01
4.550000000000000376e-07 6.954087379999999152e-01
4.600000000000000427e-07 6.317668290000000297e-01
4.650000000000000478e-07 5.819932639999999546e-01
4.700000000000000528e-07 5.415933370000000080e-01
4.750000000000000050e-07 5.089396099999999867e-01
4.800000000000000630e-07 4.808132120000000453e-01
4.850000000000000151e-07 4.563687320000000547e-01
4.900000000000000731e-07 4.346044629999999964e-01
4.950000000000000252e-07 4.147787700000000188e-01
5.000000000000000833e-07 3.966546989999999995e-01
5.050000000000000354e-07 3.803218979999999916e-01
5.099999999999999875e-07 3.653685129999999504e-01
5.150000000000000455e-07 3.516683170000000080e-01
5.199999999999999976e-07 3.391076229999999692e-01
5.250000000000000557e-07 3.275669260000000360e-01
5.300000000000000078e-07 3.169952770000000197e-01
5.350000000000000658e-07 3.073096489999999625e-01
5.400000000000000179e-07 2.983623870000000067e-01
5.450000000000000759e-07 2.900645510000000038e-01
5.500000000000000281e-07 2.823523250000000151e-01
5.550000000000000861e-07 2.751624830000000133e-01
5.600000000000000382e-07 2.684354989999999663e-01
5.649999999999999903e-07 2.621224189999999954e-01
5.700000000000000483e-07 2.561676419999999732e-01
5.750000000000000004e-07 2.505359859999999883e-01
5.800000000000000585e-07 2.451858369999999898e-01
5.850000000000000106e-07 2.400761060000000113e-01
5.900000000000000686e-07 2.352192169999999805e-01
5.950000000000000207e-07 2.305455960000000193e-01
6.000000000000000787e-07 2.260358469999999842e-01
6.050000000000000309e-07 2.216801320000000020e-01
6.100000000000000889e-07 2.174478860000000069e-01
6.150000000000000410e-07 2.133178010000000013e-01
6.199999999999999931e-07 2.092957939999999795e-01
6.250000000000000511e-07 2.053958899999999976e-01
6.300000000000000033e-07 2.015671119999999927e-01
6.350000000000000613e-07 1.978023619999999816e-01
6.400000000000000134e-07 1.940957930000000164e-01
6.450000000000000714e-07 1.904588829999999955e-01
6.500000000000000235e-07 1.868832569999999971e-01
6.550000000000000815e-07 1.833454039999999896e-01
6.600000000000000337e-07 1.798398880000000033e-01
6.650000000000000917e-07 1.763742010000000082e-01
6.700000000000000438e-07 1.728844189999999836e-01
6.749999999999999959e-07 1.693411680000000141e-01
6.800000000000000539e-07 1.656561019999999995e-01
6.850000000000000061e-07 1.616641380000000128e-01
6.900000000000000641e-07 1.574494339999999992e-01
6.950000000000000162e-07 1.528527650000000015e-01
7.000000000000000742e-07 1.481496109999999866e-01
7.050000000000000263e-07 1.434249619999999892e-01
7.100000000000000843e-07 1.390652520000000003e-01
7.150000000000000365e-07 1.350561959999999895e-01
7.200000000000000945e-07 1.314438759999999873e-01
7.250000000000000466e-07 1.283673019999999887e-01
7.299999999999999987e-07 1.254521560000000091e-01
7.350000000000000567e-07 1.228709659999999981e-01
7.400000000000000089e-07 1.203487519999999894e-01
7.450000000000000669e-07 1.179275750000000067e-01
7.500000000000000190e-07 1.155481380000000086e-01
7.550000000000000770e-07 1.131946430000000114e-01
7.600000000000000291e-07 1.108753819999999946e-01
7.650000000000000871e-07 1.085621209999999975e-01
7.700000000000000393e-07 1.062820149999999936e-01
7.750000000000000973e-07 1.040007750000000036e-01
7.800000000000000494e-07 1.017516489999999996e-01
7.850000000000000015e-07 9.949940869999998605e-02
7.900000000000000595e-07 9.727417949999998814e-02
7.950000000000000117e-07 9.504560360000000041e-02
8.000000000000000697e-07 9.284002470000000951e-02
8.050000000000000218e-07 9.063074449999999893e-02
8.100000000000000798e-07 8.843991300000000888e-02
8.150000000000000319e-07 8.624660409999999888e-02
8.200000000000000899e-07 8.406752920000000462e-02
8.250000000000000421e-07 8.188881320000000741e-02
8.300000000000001001e-07 7.972447650000000219e-02
8.350000000000000522e-07 7.756637289999999962e-02
8.400000000000000043e-07 7.538847210000000632e-02
8.450000000000000623e-07 7.318608640000000276e-02
8.500000000000000145e-07 7.080166000000000237e-02
8.550000000000000725e-07 6.727884150000000563e-02
8.600000000000000246e-07 6.375809129999999991e-02
8.650000000000000826e-07 5.601200360000000572e-02
8.700000000000000347e-07 4.706233790000000083e-02
8.750000000000000928e-07 3.735626870000000044e-02
8.800000000000000449e-07 2.622343799999999822e-02
8.850000000000001029e-07 1.504938249999999977e-02
8.900000000000000550e-07 9.585546730000000029e-03
8.950000000000000071e-07 5.052609989999999954e-03
9.000000000000000652e-07 1.641380590000000037e-03
9.050000000000000173e-07 1.032782949999999991e-03
9.100000000000000753e-07 4.214693469999999682e-04
9.150000000000000274e-07 1.674444420000000141e-04
9.200000000000000854e-07 1.091631539999999927e-04
9.250000000000000376e-07 5.068863210000000710e-05
9.300000000000000956e-07 3.453348329999999893e-05
9.350000000000000477e-07 2.176624549999999953e-05
9.400000000000001057e-07 1.015807360000000100e-05
9.450000000000000578e-07 7.187373200000001037e-06
9.500000000000000100e-07 4.209642709999999607e-06
9.549999999999999621e-07 1.787691429999999882e-06
9.600000000000001260e-07 1.238533949999999995e-06
9.650000000000000781e-07 6.882108109999999704e-07
9.700000000000000302e-07 2.524290210000000398e-07
9.749999999999999823e-07 1.632397430000000451e-07
9.800000000000001462e-07 7.388217920000000362e-08
9.850000000000000984e-07 0.000000000000000000e+00
