2.500000000000000416e-07 2.996750410000000198e+00
2.549999999999999938e-07 3.320719040000000177e+00
2.599999999999999988e-07 3.767329839999999930e+00
2.650000000000000039e-07 3.965105250000000137e+00
2.700000000000000090e-07 3.892575439999999887e+00
2.750000000000000140e-07 3.818004059999999811e+00
2.800000000000000191e-07 3.771720220000000179e+00
2.850000000000000242e-07 3.749067109999999925e+00
2.900000000000000292e-07 3.740382550000000084e+00
2.950000000000000343e-07 3.740855520000000212e+00
3.000000000000000394e-07 3.753023419999999888e+00
3.050000000000000444e-07 3.783946240000000127e+00
3.099999999999999966e-07 3.841877100000000045e+00
3.150000000000000016e-07 3.931082799999999988e+00
3.200000000000000067e-07 4.044113750000000174e+00
3.250000000000000118e-07 4.156396329999999750e+00
3.300000000000000168e-07 4.261452529999999683e+00
3.350000000000000219e-07 4.365129529999999924e+00
3.400000000000000270e-07 4.435586550000000017e+00
3.450000000000000320e-07 4.461270769999999608e+00
3.500000000000000371e-07 4.448608959999999612e+00
3.550000000000000422e-07 4.410451140000000159e+00
3.600000000000000472e-07 4.359527540000000201e+00
3.649999999999999994e-07 4.305024180000000200e+00
3.700000000000000044e-07 4.251946189999999959e+00
3.750000000000000095e-07 4.202139050000000431e+00
3.800000000000000146e-07 4.155712720000000360e+00
3.850000000000000196e-07 4.112131180000000441e+00
3.900000000000000247e-07 4.070801730000000340e+00
3.950000000000000298e-07 4.031296030000000030e+00
4.000000000000000348e-07 3.993383549999999893e+00
4.050000000000000399e-07 3.957000709999999977e+00
4.100000000000000450e-07 3.922214279999999942e+00
4.150000000000000500e-07 3.889194970000000140e+00
4.200000000000000022e-07 3.858194220000000119e+00
4.250000000000000072e-07 3.829506369999999826e+00
4.300000000000000123e-07 3.803397939999999977e+00
4.350000000000000174e-07 3.779999890000000029e+00
4.400000000000000224e-07 3.759185560000000148e+00
4.450000000000000275e-07 3.740483129999999878e+00
4.500000000000000326e-07 3.723077589999999937e+00
4.550000000000000376e-07 3.705925539999999963e+00
4.600000000000000427e-07 3.687960529999999792e+00
4.650000000000000478e-07 3.668322340000000015e+00
4.700000000000000528e-07 3.646533419999999914e+00
4.750000000000000050e-07 3.622569780000000073e+00
4.800000000000000630e-07 3.596817160000000069e+00
4.850000000000000151e-07 3.569941360000000063e+00
4.900000000000000731e-07 3.542722869999999968e+00
4.950000000000000252e-07 3.515904649999999965e+00
5.000000000000000833e-07 3.490085779999999804e+00
5.050000000000000354e-07 3.465672339999999796e+00
5.099999999999999875e-07 3.442878059999999962e+00
5.150000000000000455e-07 3.421757669999999862e+00
5.199999999999999976e-07 3.402253930000000093e+00
5.250000000000000557e-07 3.384243829999999953e+00
5.300000000000000078e-07 3.367575519999999933e+00
5.350000000000000658e-07 3.352093570000000078e+00
5.400000000000000179e-07 3.337653529999999868e+00
5.450000000000000759e-07 3.324128459999999841e+00
5.500000000000000281e-07 3.311410359999999997e+00
5.550000000000000861e-07 3.299408839999999898e+00
5.600000000000000382e-07 3.288048669999999785e+00
5.649999999999999903e-07 3.277267029999999970e+00
5.700000000000000483e-07 3.267011070000000128e+00
5.750000000000000004e-07 3.257235849999999822e+00
5.800000000000000585e-07 3.247902760000000111e+00
5.850000000000000106e-07 3.238978180000000151e+00
5.900000000000000686e-07 3.230432640000000077e+00
5.950000000000000207e-07 3.222239989999999832e+00
6.000000000000000787e-07 3.214376880000000103e+00
6.050000000000000309e-07 3.206822320000000115e+00
6.100000000000000889e-07 3.199557360000000017e+00
6.150000000000000410e-07 3.192564749999999840e+00
6.199999999999999931e-07 3.185828760000000148e+00
6.250000000000000511e-07 3.179335000000000022e+00
6.300000000000000033e-07 3.173070229999999992e+00
6.350000000000000613e-07 3.167022269999999917e+00
6.400000000000000134e-07 3.161179830000000024e+00
6.450000000000000714e-07 3.155532480000000195e+00
6.500000000000000235e-07 3.150070529999999813e+00
6.550000000000000815e-07 3.144784969999999902e+00
6.600000000000000337e-07 3.139667380000000119e+00
6.650000000000000917e-07 3.134709910000000210e+00
6.700000000000000438e-07 3.129905229999999872e+00
6.749999999999999959e-07 3.125246450000000120e+00
6.800000000000000539e-07 3.120727130000000127e+00
6.850000000000000061e-07 3.116341199999999922e+00
6.900000000000000641e-07 3.112082950000000015e+00
6.950000000000000162e-07 3.107947020000000116e+00
7.000000000000000742e-07 3.103928349999999892e+00
7.050000000000000263e-07 3.100022150000000032e+00
7.100000000000000843e-07 3.096223899999999585e+00
7.150000000000000365e-07 3.092529330000000076e+00
7.200000000000000945e-07 3.088934389999999919e+00
7.250000000000000466e-07 3.085435239999999801e+00
7.299999999999999987e-07 3.082028240000000086e+00
7.350000000000000567e-07 3.078709939999999978e+00
7.400000000000000089e-07 3.075477059999999874e+00
7.450000000000000669e-07 3.072326490000000021e+00
7.500000000000000190e-07 3.069255249999999879e+00
7.550000000000000770e-07 3.066260530000000095e+00
7.600000000000000291e-07 3.063339630000000202e+00
7.650000000000000871e-07 3.060489979999999832e+00
7.700000000000000393e-07 3.057709140000000048e+00
7.750000000000000973e-07 3.054994769999999971e+00
7.800000000000000494e-07 3.052344629999999892e+00
7.850000000000000015e-07 3.049756610000000201e+00
7.900000000000000595e-07 3.047228640000000155e+00
7.950000000000000117e-07 3.044758789999999937e+00
8.000000000000000697e-07 3.042345169999999932e+00
8.050000000000000218e-07 3.039986009999999794e+00
8.100000000000000798e-07 3.037679590000000207e+00
8.150000000000000319e-07 3.035424260000000096e+00
8.200000000000000899e-07 3.033218440000000182e+00
8.250000000000000421e-07 3.031060619999999872e+00
8.300000000000001001e-07 3.028949340000000046e+00
8.350000000000000522e-07 3.026883209999999824e+00
8.400000000000000043e-07 3.024860900000000186e+00
8.450000000000000623e-07 3.022881089999999826e+00
8.500000000000000145e-07 3.020942569999999883e+00
8.550000000000000725e-07 3.019044130000000159e+00
8.600000000000000246e-07 3.017184620000000095e+00
8.650000000000000826e-07 3.015362940000000158e+00
8.700000000000000347e-07 3.013578030000000130e+00
8.750000000000000928e-07 3.011828860000000052e+00
8.800000000000000449e-07 3.010114429999999786e+00
8.850000000000001029e-07 3.008433800000000158e+00
8.900000000000000550e-07 3.006786050000000099e+00
8.950000000000000071e-07 3.005170280000000194e+00
9.000000000000000652e-07 3.003585639999999835e+00
9.050000000000000173e-07 3.002031310000000008e+00
9.100000000000000753e-07 3.000506489999999804e+00
9.150000000000000274e-07 2.999010399999999965e+00
9.200000000000000854e-07 2.997542300000000104e+00
9.250000000000000376e-07 2.996101470000000155e+00
9.300000000000000956e-07 2.994687209999999933e+00
9.350000000000000477e-07 2.993298849999999955e+00
9.400000000000001057e-07 2.991935740000000177e+00
9.450000000000000578e-07 2.990597249999999985e+00
9.500000000000000100e-07 2.989282760000000039e+00
9.549999999999999621e-07 2.987991689999999867e+00
9.600000000000001260e-07 2.986723469999999825e+00
9.650000000000000781e-07 2.985477529999999824e+00
9.700000000000000302e-07 2.984253349999999916e+00
9.749999999999999823e-07 2.983050400000000213e+00
9.800000000000001462e-07 2.981868180000000201e+00
9.850000000000000984e-07 2.980706189999999811e+00
9.900000000000000505e-07 2.979563980000000001e+00
9.950000000000000026e-07 2.978441060000000196e+00
1.000000000000000167e-06 2.977337009999999839e+00
