2.500000000000000416e-07 3.316135720000000120e+00
2.549999999999999938e-07 3.306723229999999791e+00
2.599999999999999988e-07 3.143375310000000145e+00
2.650000000000000039e-07 2.659853220000000018e+00
2.700000000000000090e-07 2.363628230000000219e+00
2.750000000000000140e-07 2.209371219999999969e+00
2.800000000000000191e-07 2.117983310000000063e+00
2.850000000000000242e-07 2.054507510000000092e+00
2.900000000000000292e-07 2.006199790000000149e+00
2.950000000000000343e-07 1.971989500000000062e+00
3.000000000000000394e-07 1.953163460000000073e+00
3.050000000000000444e-07 1.947763199999999806e+00
3.099999999999999966e-07 1.947933179999999931e+00
3.150000000000000016e-07 1.938444969999999934e+00
3.200000000000000067e-07 1.899892029999999954e+00
3.250000000000000118e-07 1.824715419999999977e+00
3.300000000000000168e-07 1.731732150000000026e+00
3.350000000000000219e-07 1.604690750000000055e+00
3.400000000000000270e-07 1.443292250000000054e+00
3.450000000000000320e-07 1.273228859999999907e+00
3.500000000000000371e-07 1.114769469999999929e+00
3.550000000000000422e-07 9.784332020000000574e-01
3.600000000000000472e-07 8.662500269999999780e-01
3.649999999999999994e-07 7.750551929999999201e-01
3.700000000000000044e-07 6.998797059999999348e-01
3.750000000000000095e-07 6.361646600000000484e-01
3.800000000000000146e-07 5.806174210000000224e-01
3.850000000000000196e-07 5.311857729999999167e-01
3.900000000000000247e-07 4.866987249999999987e-01
3.950000000000000298e-07 4.465047990000000078e-01
4.000000000000000348e-07 4.102203020000000366e-01
4.050000000000000399e-07 3.775830949999999797e-01
4.100000000000000450e-07 3.483719110000000341e-01
4.150000000000000500e-07 3.223533570000000070e-01
4.200000000000000022e-07 2.992320460000000293e-01
4.250000000000000072e-07 2.785961319999999963e-01
4.300000000000000123e-07 2.598699839999999983e-01
4.350000000000000174e-07 2.423028120000000063e-01
4.400000000000000224e-07 2.250253130000000046e-01
4.450000000000000275e-07 2.071858470000000063e-01
4.500000000000000326e-07 1.881379569999999946e-01
4.550000000000000376e-07 1.676149990000000145e-01
4.600000000000000427e-07 1.458204590000000134e-01
4.650000000000000478e-07 1.233930819999999873e-01
4.700000000000000528e-07 1.012565750000000014e-01
4.750000000000000050e-07 8.040668060000000228e-02
4.800000000000000630e-07 6.170416589999999646e-02
4.850000000000000151e-07 4.572956450000000006e-02
4.900000000000000731e-07 3.272563350000000371e-02
4.950000000000000252e-07 2.262218040000000055e-02
5.000000000000000833e-07 1.511625669999999873e-02
5.050000000000000354e-07 9.773553709999998826e-03
5.099999999999999875e-07 6.121959580000000019e-03
5.150000000000000455e-07 3.720132660000000091e-03
5.199999999999999976e-07 2.196355990000000043e-03
5.250000000000000557e-07 1.261820630000000170e-03
5.300000000000000078e-07 7.065324009999999740e-04
5.350000000000000658e-07 3.861897499999999831e-04
5.400000000000000179e-07 2.063952019999999840e-04
5.450000000000000759e-07 1.080248079999999913e-04
5.500000000000000281e-07 5.545819349999999586e-05
5.550000000000000861e-07 2.797204550000000032e-05
5.600000000000000382e-07 1.388347510000000003e-05
5.649999999999999903e-07 6.792047759999999122e-06
5.700000000000000483e-07 3.280636140000000212e-06
5.750000000000000004e-07 1.567169800000000145e-06
5.800000000000000585e-07 7.417289840000000320e-07
5.850000000000000106e-07 3.484528620000000323e-07
5.900000000000000686e-07 1.627940369999999970e-07
5.950000000000000207e-07 7.578170259999999774e-08
6.000000000000000787e-07 3.522026270000000306e-08
6.050000000000000309e-07 1.637429419999999940e-08
6.100000000000000889e-07 7.629785959999999762e-09
6.150000000000000410e-07 3.569328920000000274e-09
6.199999999999999931e-07 1.679067069999999845e-09
6.250000000000000511e-07 7.952618080000000118e-10
6.300000000000000033e-07 3.795910990000000249e-10
6.350000000000000613e-07 1.826968729999999977e-10
6.400000000000000134e-07 8.868399579999999733e-11
6.450000000000000714e-07 4.341168079999999628e-11
6.500000000000000235e-07 2.142125160000000075e-11
6.550000000000000815e-07 1.064912799999999913e-11
6.600000000000000337e-07 5.330088099999999267e-12
6.650000000000000917e-07 2.683322289999999949e-12
6.700000000000000438e-07 1.357777039999999923e-12
6.749999999999999959e-07 6.898671470000000331e-13
6.800000000000000539e-07 3.515419590000000166e-13
6.850000000000000061e-07 1.796611750000000107e-13
6.900000000000000641e-07 9.181849199999998779e-14
6.950000000000000162e-07 4.665456969999999643e-14
7.000000000000000742e-07 2.333160479999999826e-14
7.050000000000000263e-07 1.149997190000000023e-14
7.100000000000000843e-07 5.561105749999999340e-15
7.150000000000000365e-07 2.501403420000000153e-15
7.200000000000000945e-07 8.247333989999999526e-16
7.250000000000000466e-07 0.000000000000000000e+00
7.299999999999999987e-07 0.000000000000000000e+00
7.350000000000000567e-07 0.000000000000000000e+00
7.400000000000000089e-07 0.000000000000000000e+00
7.450000000000000669e-07 0.000000000000000000e+00
7.500000000000000190e-07 0.000000000000000000e+00
7.550000000000000770e-07 0.000000000000000000e+00
7.600000000000000291e-07 0.000000000000000000e+00
7.650000000000000871e-07 0.000000000000000000e+00
7.700000000000000393e-07 0.000000000000000000e+00
7.750000000000000973e-07 0.000000000000000000e+00
7.800000000000000494e-07 0.000000000000000000e+00
7.850000000000000015e-07 0.000000000000000000e+00
7.900000000000000595e-07 0.000000000000000000e+00
7.950000000000000117e-07 0.000000000000000000e+00
8.000000000000000697e-07 0.000000000000000000e+00
8.050000000000000218e-07 0.000000000000000000e+00
8.100000000000000798e-07 0.000000000000000000e+00
8.150000000000000319e-07 0.000000000000000000e+00
8.200000000000000899e-07 0.000000000000000000e+00
8.250000000000000421e-07 0.000000000000000000e+00
8.300000000000001001e-07 0.000000000000000000e+00
8.350000000000000522e-07 0.000000000000000000e+00
8.400000000000000043e-07 0.000000000000000000e+00
8.450000000000000623e-07 0.000000000000000000e+00
8.500000000000000145e-07 0.000000000000000000e+00
8.550000000000000725e-07 0.000000000000000000e+00
8.600000000000000246e-07 0.000000000000000000e+00
8.650000000000000826e-07 0.000000000000000000e+00
8.700000000000000347e-07 0.000000000000000000e+00
8.750000000000000928e-07 0.000000000000000000e+00
8.800000000000000449e-07 0.000000000000000000e+00
8.850000000000001029e-07 0.000000000000000000e+00
8.900000000000000550e-07 0.000000000000000000e+00
8.950000000000000071e-07 0.000000000000000000e+00
9.000000000000000652e-07 0.000000000000000000e+00
9.050000000000000173e-07 0.000000000000000000e+00
9.100000000000000753e-07 0.000000000000000000e+00
9.150000000000000274e-07 0.000000000000000000e+00
9.200000000000000854e-07 0.000000000000000000e+00
9.250000000000000376e-07 0.000000000000000000e+00
9.300000000000000956e-07 0.000000000000000000e+00
9.350000000000000477e-07 0.000000000000000000e+00
9.400000000000001057e-07 0.000000000000000000e+00
9.450000000000000578e-07 0.000000000000000000e+00
9.500000000000000100e-07 0.000000000000000000e+00
9.549999999999999621e-07 0.000000000000000000e+00
9.600000000000001260e-07 0.000000000000000000e+00
9.650000000000000781e-07 0.000000000000000000e+00
9.700000000000000302e-07 0.000000000000000000e+00
9.749999999999999823e-07 0.000000000000000000e+00
9.800000000000001462e-07 0.000000000000000000e+00
9.850000000000000984e-07 0.000000000000000000e+00
9.900000000000000505e-07 0.000000000000000000e+00
9.950000000000000026e-07 0.000000000000000000e+00
1.000000000000000167e-06 0.000000000000000000e+00
