2.500000000000000416e-07 3.393278149999999993e+00
2.549999999999999938e-07 3.367217740000000070e+00
2.599999999999999988e-07 3.121383409999999969e+00
2.650000000000000039e-07 2.848085399999999989e+00
2.700000000000000090e-07 2.624217129999999898e+00
2.750000000000000140e-07 2.432059419999999861e+00
2.800000000000000191e-07 2.271140079999999895e+00
2.850000000000000242e-07 2.144896329999999907e+00
2.900000000000000292e-07 2.055002749999999878e+00
2.950000000000000343e-07 1.997775290000000092e+00
3.000000000000000394e-07 1.964543340000000082e+00
3.050000000000000444e-07 1.945434200000000002e+00
3.099999999999999966e-07 1.933212729999999935e+00
3.150000000000000016e-07 1.924661809999999917e+00
3.200000000000000067e-07 1.919966220000000057e+00
3.250000000000000118e-07 1.921376189999999928e+00
3.300000000000000168e-07 1.931580789999999936e+00
3.350000000000000219e-07 1.951631109999999891e+00
3.400000000000000270e-07 1.978657609999999956e+00
3.450000000000000320e-07 2.004705659999999945e+00
3.500000000000000371e-07 2.019907600000000247e+00
3.550000000000000422e-07 2.035036739999999789e+00
3.600000000000000472e-07 2.046557589999999927e+00
3.649999999999999994e-07 2.001317349999999884e+00
3.700000000000000044e-07 1.900673030000000097e+00
3.750000000000000095e-07 1.760030839999999985e+00
3.800000000000000146e-07 1.595524659999999928e+00
3.850000000000000196e-07 1.422481179999999901e+00
3.900000000000000247e-07 1.253749900000000084e+00
3.950000000000000298e-07 1.098630299999999949e+00
4.000000000000000348e-07 9.625767029999999780e-01
4.050000000000000399e-07 8.475722290000000658e-01
4.100000000000000450e-07 7.529344890000000401e-01
4.150000000000000500e-07 6.762858470000000510e-01
4.200000000000000022e-07 6.144605329999999199e-01
4.250000000000000072e-07 5.642045489999999441e-01
4.300000000000000123e-07 5.226150429999999458e-01
4.350000000000000174e-07 4.873429300000000075e-01
4.400000000000000224e-07 4.566231239999999914e-01
4.450000000000000275e-07 4.292054639999999810e-01
4.500000000000000326e-07 4.042456500000000119e-01
4.550000000000000376e-07 3.811944740000000054e-01
4.600000000000000427e-07 3.597039779999999798e-01
4.650000000000000478e-07 3.395563920000000402e-01
4.700000000000000528e-07 3.206144069999999902e-01
4.750000000000000050e-07 3.027883330000000206e-01
4.800000000000000630e-07 2.860154480000000055e-01
4.850000000000000151e-07 2.702475930000000082e-01
4.900000000000000731e-07 2.554439900000000097e-01
4.950000000000000252e-07 2.415673120000000063e-01
5.000000000000000833e-07 2.285815750000000091e-01
5.050000000000000354e-07 2.164511699999999983e-01
5.099999999999999875e-07 2.051404300000000125e-01
5.150000000000000455e-07 1.946135300000000068e-01
5.199999999999999976e-07 1.848345260000000267e-01
5.250000000000000557e-07 1.757675110000000152e-01
5.300000000000000078e-07 1.673767419999999950e-01
5.350000000000000658e-07 1.596267940000000163e-01
5.400000000000000179e-07 1.524827109999999930e-01
5.450000000000000759e-07 1.459101339999999969e-01
5.500000000000000281e-07 1.398754130000000040e-01
5.550000000000000861e-07 1.343456959999999867e-01
5.600000000000000382e-07 1.292889980000000161e-01
5.649999999999999903e-07 1.246742480000000014e-01
5.700000000000000483e-07 1.204713019999999885e-01
5.750000000000000004e-07 1.166510369999999991e-01
5.800000000000000585e-07 1.131852809999999987e-01
5.850000000000000106e-07 1.100468289999999988e-01
5.900000000000000686e-07 1.072093980000000113e-01
5.950000000000000207e-07 1.046477140000000028e-01
6.000000000000000787e-07 1.023374930000000016e-01
6.050000000000000309e-07 1.002552569999999865e-01
6.100000000000000889e-07 9.837866380000000188e-02
6.150000000000000410e-07 9.668618369999999740e-02
6.199999999999999931e-07 9.515736730000000365e-02
6.250000000000000511e-07 9.377271650000000569e-02
6.300000000000000033e-07 9.251379679999999217e-02
6.350000000000000613e-07 9.136320500000000289e-02
6.400000000000000134e-07 9.030467570000000332e-02
6.450000000000000714e-07 8.932297560000000691e-02
6.500000000000000235e-07 8.840411430000000292e-02
6.550000000000000815e-07 8.753514470000001158e-02
6.600000000000000337e-07 8.670434099999999034e-02
6.650000000000000917e-07 8.590111590000000519e-02
6.700000000000000438e-07 8.511597660000000398e-02
6.749999999999999959e-07 8.434058410000000450e-02
6.800000000000000539e-07 8.356766220000000356e-02
6.850000000000000061e-07 8.279095690000000396e-02
6.900000000000000641e-07 8.200519550000000268e-02
6.950000000000000162e-07 8.120603780000000549e-02
7.000000000000000742e-07 8.038999389999999801e-02
7.050000000000000263e-07 7.955436650000000109e-02
7.100000000000000843e-07 7.869718239999999587e-02
7.150000000000000365e-07 7.781713140000000306e-02
7.200000000000000945e-07 7.691346479999999763e-02
7.250000000000000466e-07 7.598595439999999979e-02
7.299999999999999987e-07 7.503481879999999993e-02
7.350000000000000567e-07 7.406066009999999478e-02
7.400000000000000089e-07 7.306440509999999333e-02
7.450000000000000669e-07 7.204718150000000154e-02
7.500000000000000190e-07 7.101054360000000343e-02
7.550000000000000770e-07 6.995604379999999234e-02
7.600000000000000291e-07 6.888528870000000526e-02
7.650000000000000871e-07 6.780013780000000712e-02
7.700000000000000393e-07 6.670245059999999060e-02
7.750000000000000973e-07 6.559411789999999853e-02
7.800000000000000494e-07 6.447703420000000518e-02
7.850000000000000015e-07 6.335307880000000391e-02
7.900000000000000595e-07 6.222409690000000465e-02
7.950000000000000117e-07 6.109188460000000015e-02
8.000000000000000697e-07 5.995817829999999793e-02
8.050000000000000218e-07 5.882464469999999779e-02
8.100000000000000798e-07 5.769287360000000670e-02
8.150000000000000319e-07 5.656437339999999953e-02
8.200000000000000899e-07 5.544058440000000643e-02
8.250000000000000421e-07 5.432288480000000558e-02
8.300000000000001001e-07 5.321246830000000289e-02
8.350000000000000522e-07 5.211048740000000234e-02
8.400000000000000043e-07 5.101800740000000250e-02
8.450000000000000623e-07 4.993600940000000182e-02
8.500000000000000145e-07 4.886541110000000576e-02
8.550000000000000725e-07 4.780711950000000182e-02
8.600000000000000246e-07 4.676176790000000083e-02
8.650000000000000826e-07 4.573000900000000202e-02
8.700000000000000347e-07 4.471243049999999719e-02
8.750000000000000928e-07 4.370963820000000472e-02
8.800000000000000449e-07 4.272208950000000449e-02
8.850000000000001029e-07 4.175008790000000330e-02
8.900000000000000550e-07 4.079396410000000334e-02
8.950000000000000071e-07 3.985411280000000084e-02
9.000000000000000652e-07 3.893074280000000109e-02
9.050000000000000173e-07 3.802393680000000498e-02
9.100000000000000753e-07 3.713384310000000105e-02
9.150000000000000274e-07 3.626076439999999929e-02
9.200000000000000854e-07 3.540454009999999957e-02
9.250000000000000376e-07 3.456518599999999775e-02
9.300000000000000956e-07 3.374289600000000139e-02
9.350000000000000477e-07 3.293747310000000317e-02
9.400000000000001057e-07 3.214879450000000111e-02
9.450000000000000578e-07 3.137698879999999829e-02
9.500000000000000100e-07 3.062177079999999982e-02
9.549999999999999621e-07 2.988295069999999734e-02
9.600000000000001260e-07 2.916064670000000081e-02
9.650000000000000781e-07 2.845441589999999840e-02
9.700000000000000302e-07 2.776414990000000346e-02
9.749999999999999823e-07 2.708977640000000131e-02
9.800000000000001462e-07 2.643085910000000233e-02
9.850000000000000984e-07 2.578740680000000257e-02
9.900000000000000505e-07 2.515904609999999875e-02
9.950000000000000026e-07 2.454552569999999753e-02
1.000000000000000167e-06 2.394676880000000049e-02
