2.500000000000000416e-07 2.740859389999999784e+00
2.549999999999999938e-07 3.082007019999999820e+00
2.599999999999999988e-07 3.426609449999999946e+00
2.650000000000000039e-07 3.557953930000000042e+00
2.700000000000000090e-07 3.622660910000000012e+00
2.750000000000000140e-07 3.645442679999999935e+00
2.800000000000000191e-07 3.635812860000000146e+00
2.850000000000000242e-07 3.603549370000000085e+00
2.900000000000000292e-07 3.561090370000000060e+00
2.950000000000000343e-07 3.521169159999999909e+00
3.000000000000000394e-07 3.492551530000000071e+00
3.050000000000000444e-07 3.477833570000000041e+00
3.099999999999999966e-07 3.474842869999999806e+00
3.150000000000000016e-07 3.479692850000000170e+00
3.200000000000000067e-07 3.489244339999999944e+00
3.250000000000000118e-07 3.502548210000000051e+00
3.300000000000000168e-07 3.521615580000000190e+00
3.350000000000000219e-07 3.551436939999999876e+00
3.400000000000000270e-07 3.598505639999999950e+00
3.450000000000000320e-07 3.667132689999999862e+00
3.500000000000000371e-07 3.752841000000000538e+00
3.550000000000000422e-07 3.846678209999999876e+00
3.600000000000000472e-07 3.986020729999999901e+00
3.649999999999999994e-07 4.154901889999999653e+00
3.700000000000000044e-07 4.312663879999999672e+00
3.750000000000000095e-07 4.440736819999999696e+00
3.800000000000000146e-07 4.530415969999999959e+00
3.850000000000000196e-07 4.579892489999999761e+00
3.900000000000000247e-07 4.592545409999999606e+00
3.950000000000000298e-07 4.575077770000000044e+00
4.000000000000000348e-07 4.535673570000000154e+00
4.050000000000000399e-07 4.482449710000000032e+00
4.100000000000000450e-07 4.422385430000000284e+00
4.150000000000000500e-07 4.360775400000000523e+00
4.200000000000000022e-07 4.301138260000000102e+00
4.250000000000000072e-07 4.245440259999999633e+00
4.300000000000000123e-07 4.194474709999999718e+00
4.350000000000000174e-07 4.148264410000000346e+00
4.400000000000000224e-07 4.106403389999999654e+00
4.450000000000000275e-07 4.068304400000000598e+00
4.500000000000000326e-07 4.033353690000000213e+00
4.550000000000000376e-07 4.000992720000000169e+00
4.600000000000000427e-07 3.970752080000000017e+00
4.650000000000000478e-07 3.942256550000000193e+00
4.700000000000000528e-07 3.915215180000000128e+00
4.750000000000000050e-07 3.889406810000000103e+00
4.800000000000000630e-07 3.864665220000000012e+00
4.850000000000000151e-07 3.840866109999999889e+00
4.900000000000000731e-07 3.817916569999999954e+00
4.950000000000000252e-07 3.795746920000000024e+00
5.000000000000000833e-07 3.774304499999999951e+00
5.050000000000000354e-07 3.753549199999999697e+00
5.099999999999999875e-07 3.733450019999999814e+00
5.150000000000000455e-07 3.713982660000000102e+00
5.199999999999999976e-07 3.695127610000000118e+00
5.250000000000000557e-07 3.676868879999999784e+00
5.300000000000000078e-07 3.659192940000000061e+00
5.350000000000000658e-07 3.642087969999999952e+00
5.400000000000000179e-07 3.625543309999999853e+00
5.450000000000000759e-07 3.609549050000000037e+00
5.500000000000000281e-07 3.594095729999999822e+00
5.550000000000000861e-07 3.579174089999999975e+00
5.600000000000000382e-07 3.564774970000000209e+00
5.649999999999999903e-07 3.550889140000000221e+00
5.700000000000000483e-07 3.537507240000000053e+00
5.750000000000000004e-07 3.524619770000000152e+00
5.800000000000000585e-07 3.512216979999999822e+00
5.850000000000000106e-07 3.500288920000000026e+00
5.900000000000000686e-07 3.488825250000000100e+00
5.950000000000000207e-07 3.477815440000000091e+00
6.000000000000000787e-07 3.467248640000000215e+00
6.050000000000000309e-07 3.457113510000000112e+00
6.100000000000000889e-07 3.447398580000000212e+00
6.150000000000000410e-07 3.438091790000000092e+00
6.199999999999999931e-07 3.429180870000000159e+00
6.250000000000000511e-07 3.420653070000000184e+00
6.300000000000000033e-07 3.412495339999999988e+00
6.350000000000000613e-07 3.404694269999999801e+00
6.400000000000000134e-07 3.397236200000000039e+00
6.450000000000000714e-07 3.390107079999999939e+00
6.500000000000000235e-07 3.383292899999999825e+00
6.550000000000000815e-07 3.376779219999999970e+00
6.600000000000000337e-07 3.370551760000000119e+00
6.650000000000000917e-07 3.364596230000000077e+00
6.700000000000000438e-07 3.358898209999999995e+00
6.749999999999999959e-07 3.353443649999999998e+00
6.800000000000000539e-07 3.348218730000000143e+00
6.850000000000000061e-07 3.343209799999999898e+00
6.900000000000000641e-07 3.338403529999999897e+00
6.950000000000000162e-07 3.333787210000000112e+00
7.000000000000000742e-07 3.329348509999999983e+00
7.050000000000000263e-07 3.325075550000000213e+00
7.100000000000000843e-07 3.320957030000000199e+00
7.150000000000000365e-07 3.316982129999999973e+00
7.200000000000000945e-07 3.313140769999999957e+00
7.250000000000000466e-07 3.309423380000000137e+00
7.299999999999999987e-07 3.305820989999999959e+00
7.350000000000000567e-07 3.302325220000000172e+00
7.400000000000000089e-07 3.298928249999999895e+00
7.450000000000000669e-07 3.295623040000000170e+00
7.500000000000000190e-07 3.292402420000000163e+00
7.550000000000000770e-07 3.289260430000000124e+00
7.600000000000000291e-07 3.286191599999999546e+00
7.650000000000000871e-07 3.283190600000000181e+00
7.700000000000000393e-07 3.280252690000000193e+00
7.750000000000000973e-07 3.277373540000000141e+00
7.800000000000000494e-07 3.274549229999999866e+00
7.850000000000000015e-07 3.271776210000000074e+00
7.900000000000000595e-07 3.269051259999999903e+00
7.950000000000000117e-07 3.266371459999999782e+00
8.000000000000000697e-07 3.263734219999999908e+00
8.050000000000000218e-07 3.261137170000000030e+00
8.100000000000000798e-07 3.258578219999999970e+00
8.150000000000000319e-07 3.256055470000000174e+00
8.200000000000000899e-07 3.253567209999999932e+00
8.250000000000000421e-07 3.251111910000000105e+00
8.300000000000001001e-07 3.248688280000000095e+00
8.350000000000000522e-07 3.246295120000000090e+00
8.400000000000000043e-07 3.243931379999999809e+00
8.450000000000000623e-07 3.241596120000000081e+00
8.500000000000000145e-07 3.239288479999999915e+00
8.550000000000000725e-07 3.237007660000000175e+00
8.600000000000000246e-07 3.234753079999999947e+00
8.650000000000000826e-07 3.232524160000000091e+00
8.700000000000000347e-07 3.230320390000000152e+00
8.750000000000000928e-07 3.228141239999999801e+00
8.800000000000000449e-07 3.225986320000000074e+00
8.850000000000001029e-07 3.223855309999999808e+00
8.900000000000000550e-07 3.221747890000000059e+00
8.950000000000000071e-07 3.219663700000000350e+00
9.000000000000000652e-07 3.217602500000000365e+00
9.050000000000000173e-07 3.215564089999999986e+00
9.100000000000000753e-07 3.213548229999999784e+00
9.150000000000000274e-07 3.211554669999999945e+00
9.200000000000000854e-07 3.209583279999999927e+00
9.250000000000000376e-07 3.207633899999999816e+00
9.300000000000000956e-07 3.205706290000000180e+00
9.350000000000000477e-07 3.203800349999999852e+00
9.400000000000001057e-07 3.201915940000000127e+00
9.450000000000000578e-07 3.200052859999999999e+00
9.500000000000000100e-07 3.198211000000000137e+00
9.549999999999999621e-07 3.196390239999999938e+00
9.600000000000001260e-07 3.194590390000000113e+00
9.650000000000000781e-07 3.192811339999999998e+00
9.700000000000000302e-07 3.191052969999999878e+00
9.749999999999999823e-07 3.189315090000000019e+00
9.800000000000001462e-07 3.187597610000000081e+00
9.850000000000000984e-07 3.185900349999999825e+00
9.900000000000000505e-07 3.184223189999999981e+00
9.950000000000000026e-07 3.182565959999999805e+00
1.000000000000000167e-06 3.180928530000000087e+00
