3.00E-08	0.121265
3.01E-08	0.121903
3.03E-08	0.122539
3.04E-08	0.124188
3.05E-08	0.125917
3.07E-08	0.127636
3.08E-08	0.129346
3.09E-08	0.131045
3.11E-08	0.132734
3.12E-08	0.134413
3.13E-08	0.136081
3.15E-08	0.137738
3.16E-08	0.139383
3.17E-08	0.141018
3.19E-08	0.142641
3.20E-08	0.144252
3.22E-08	0.145852
3.23E-08	0.147439
3.25E-08	0.149015
3.26E-08	0.150578
3.27E-08	0.152128
3.29E-08	0.153666
3.30E-08	0.155192
3.32E-08	0.156705
3.33E-08	0.158205
3.35E-08	0.159691
3.36E-08	0.161165
3.38E-08	0.162626
3.39E-08	0.164073
3.41E-08	0.165507
3.42E-08	0.166928
3.44E-08	0.168335
3.45E-08	0.169729
3.47E-08	0.171108
3.48E-08	0.172474
3.50E-08	0.173826
3.51E-08	0.175164
3.53E-08	0.176488
3.54E-08	0.177797
3.56E-08	0.179092
3.57E-08	0.180373
3.59E-08	0.181638
3.60E-08	0.18289
3.62E-08	0.184126
3.64E-08	0.185347
3.65E-08	0.186552
3.67E-08	0.187742
3.68E-08	0.188917
3.70E-08	0.190076
3.72E-08	0.191218
3.73E-08	0.192344
3.75E-08	0.193454
3.77E-08	0.194547
3.78E-08	0.195622
3.80E-08	0.19668
3.82E-08	0.19772
3.83E-08	0.198742
3.85E-08	0.199746
3.87E-08	0.20073
3.88E-08	0.201694
3.90E-08	0.202638
3.92E-08	0.203561
3.94E-08	0.204462
3.95E-08	0.205341
3.97E-08	0.206197
3.99E-08	0.207028
4.00E-08	0.207833
4.02E-08	0.208611
4.04E-08	0.209358
4.06E-08	0.210073
4.08E-08	0.210773
4.09E-08	0.211506
4.11E-08	0.212223
4.13E-08	0.212913
4.15E-08	0.213575
4.17E-08	0.214204
4.18E-08	0.214797
4.20E-08	0.215351
4.22E-08	0.215863
4.24E-08	0.216329
4.26E-08	0.216745
4.28E-08	0.217104
4.30E-08	0.217403
4.31E-08	0.217633
4.33E-08	0.217786
4.35E-08	0.217852
4.37E-08	0.217816
4.39E-08	0.217661
4.41E-08	0.217359
4.43E-08	0.21687
4.45E-08	0.216115
4.47E-08	0.214887
4.49E-08	0.215072
4.51E-08	0.215889
4.53E-08	0.216823
4.55E-08	0.217699
4.57E-08	0.218403
4.59E-08	0.218791
4.61E-08	0.21854
4.63E-08	0.219177
4.65E-08	0.222152
4.67E-08	0.22628
4.69E-08	0.230786
4.71E-08	0.235449
4.73E-08	0.240155
4.75E-08	0.244826
4.77E-08	0.249392
4.79E-08	0.253783
4.81E-08	0.257913
4.83E-08	0.261662
4.86E-08	0.264841
4.88E-08	0.267079
4.90E-08	0.267319
4.92E-08	0.271658
4.94E-08	0.281446
4.96E-08	0.293601
4.99E-08	0.306861
5.01E-08	0.320765
5.03E-08	0.335065
5.05E-08	0.349557
5.07E-08	0.363928
5.10E-08	0.378138
5.12E-08	0.399372
5.14E-08	0.422188
5.16E-08	0.436463
5.19E-08	0.453521
5.21E-08	0.478656
5.23E-08	0.502338
5.25E-08	0.521008
5.28E-08	0.537604
5.30E-08	0.553337
5.32E-08	0.5687
5.35E-08	0.584091
5.37E-08	0.598995
5.39E-08	0.611902
5.42E-08	0.622974
5.44E-08	0.633135
5.47E-08	0.642653
5.49E-08	0.651655
5.51E-08	0.660221
5.54E-08	0.668406
5.56E-08	0.676253
5.59E-08	0.683795
5.61E-08	0.691059
5.64E-08	0.698066
5.66E-08	0.704838
5.69E-08	0.711389
5.71E-08	0.717734
5.74E-08	0.723883
5.76E-08	0.729824
5.79E-08	0.735579
5.81E-08	0.741165
5.84E-08	0.746594
5.86E-08	0.751876
5.89E-08	0.757024
5.91E-08	0.762054
5.94E-08	0.766991
5.97E-08	0.771885
5.99E-08	0.77671
6.02E-08	0.779506
6.04E-08	0.779711
6.07E-08	0.779183
6.10E-08	0.778053
6.12E-08	0.776296
6.15E-08	0.777796
6.18E-08	0.780571
6.21E-08	0.783446
6.23E-08	0.786333
6.26E-08	0.789214
6.29E-08	0.792139
6.32E-08	0.791198
6.34E-08	0.789496
6.37E-08	0.787433
6.40E-08	0.785068
6.43E-08	0.782429
6.46E-08	0.779538
6.48E-08	0.776409
6.51E-08	0.773056
6.54E-08	0.769487
6.57E-08	0.765712
6.60E-08	0.761735
6.63E-08	0.757436
6.66E-08	0.752602
6.69E-08	0.747501
6.71E-08	0.742172
6.74E-08	0.736102
6.77E-08	0.729683
6.80E-08	0.722219
6.83E-08	0.713819
6.86E-08	0.705249
6.89E-08	0.696783
6.92E-08	0.68849
6.95E-08	0.680494
6.98E-08	0.673261
7.02E-08	0.671523
7.05E-08	0.672269
7.08E-08	0.672676
7.11E-08	0.672939
7.14E-08	0.673201
7.17E-08	0.673776
7.20E-08	0.681587
7.23E-08	0.69189
7.27E-08	0.693496
7.30E-08	0.68992
7.33E-08	0.686483
7.36E-08	0.682902
7.39E-08	0.678979
7.43E-08	0.674005
7.46E-08	0.665948
7.49E-08	0.655694
7.52E-08	0.645833
7.56E-08	0.636216
7.59E-08	0.626804
7.62E-08	0.617591
7.66E-08	0.608593
7.69E-08	0.599843
7.73E-08	0.591411
7.76E-08	0.58357
7.79E-08	0.577077
7.83E-08	0.571832
7.86E-08	0.566353
7.90E-08	0.560782
7.93E-08	0.555171
7.97E-08	0.549546
8.00E-08	0.543925
8.04E-08	0.538318
8.07E-08	0.532735
8.11E-08	0.527179
8.14E-08	0.521653
8.18E-08	0.516154
8.21E-08	0.510664
8.25E-08	0.505085
8.29E-08	0.499208
8.32E-08	0.493281
8.36E-08	0.487919
8.40E-08	0.483356
8.43E-08	0.478763
8.47E-08	0.47422
8.51E-08	0.469755
8.54E-08	0.465379
8.58E-08	0.461091
8.62E-08	0.456861
8.66E-08	0.452539
8.70E-08	0.447532
8.73E-08	0.44234
8.77E-08	0.438345
8.81E-08	0.435819
8.85E-08	0.436086
8.89E-08	0.446266
8.93E-08	0.459205
8.97E-08	0.453815
9.01E-08	0.442449
9.04E-08	0.43726
9.08E-08	0.446421
9.12E-08	0.452922
9.16E-08	0.455904
9.20E-08	0.453592
9.24E-08	0.439965
9.29E-08	0.427591
9.33E-08	0.415678
9.37E-08	0.401269
9.41E-08	0.390121
9.45E-08	0.383402
9.49E-08	0.382669
9.53E-08	0.392156
9.57E-08	0.395446
9.62E-08	0.395566
9.66E-08	0.39499
9.70E-08	0.390313
9.74E-08	0.377165
9.79E-08	0.384131
9.83E-08	0.411995
9.87E-08	0.43027
9.92E-08	0.438304
9.96E-08	0.461196
1.00E-07	0.504175
1.00E-07	0.561164
1.01E-07	0.608032
1.01E-07	0.65332
1.02E-07	0.693004
1.02E-07	0.74001
1.03E-07	0.791328
1.03E-07	0.838845
1.04E-07	0.898753
1.04E-07	0.9589
1.05E-07	0.972986
1.05E-07	0.887666
1.05E-07	0.75041
1.06E-07	0.616078
1.06E-07	0.5304
1.07E-07	0.492356
1.07E-07	0.459934
1.08E-07	0.423267
1.08E-07	0.358978
1.09E-07	0.267565
1.09E-07	0.178498
1.10E-07	0.131735
1.10E-07	0.124047
1.11E-07	0.116392
1.11E-07	0.108771
1.12E-07	0.101183
1.12E-07	0.093629
1.13E-07	0.086107
1.13E-07	0.078618
1.14E-07	0.071337
1.14E-07	0.06495
1.15E-07	0.058591
1.15E-07	0.05226
1.16E-07	0.045956
1.16E-07	0.03968
1.17E-07	0.033503
1.17E-07	0.03164
1.18E-07	0.029786
1.18E-07	0.02794
1.19E-07	0.026102
1.19E-07	0.024272
1.20E-07	0.022941
1.20E-07	0.021625
1.21E-07	0.020315
1.21E-07	0.01901
1.22E-07	0.017978
1.22E-07	0.017231
1.23E-07	0.016486
1.23E-07	0.015745
1.24E-07	0.013826
1.25E-07	0.011427
1.25E-07	0.009037
1.26E-07	0.008738
1.26E-07	0.008544
1.27E-07	0.008351
1.27E-07	0.008158
1.28E-07	0.007966
1.28E-07	0.007775
1.29E-07	0.007585
1.30E-07	0.007396
1.30E-07	0.007279
1.31E-07	0.007171
1.31E-07	0.007064
1.32E-07	0.006958
1.32E-07	0.006851
1.33E-07	0.006746
1.34E-07	0.006619
1.34E-07	0.006439
1.35E-07	0.00626
1.35E-07	0.006082
1.36E-07	0.005904
1.37E-07	0.005725
1.37E-07	0.005547
1.38E-07	0.00538
1.38E-07	0.005527
1.39E-07	0.005673
1.40E-07	0.005819
1.40E-07	0.005851
1.41E-07	0.005798
1.41E-07	0.005664
1.42E-07	0.00546
1.43E-07	0.005258
1.43E-07	0.005056
1.44E-07	0.004881
1.45E-07	0.004884
1.45E-07	0.004887
1.46E-07	0.00489
1.46E-07	0.004893
1.47E-07	0.004881
1.48E-07	0.004813
1.48E-07	0.004744
1.49E-07	0.004677
1.50E-07	0.004609
1.50E-07	0.004542
1.51E-07	0.004475
1.52E-07	0.004409
1.52E-07	0.004378
1.53E-07	0.004348
1.54E-07	0.004318
1.54E-07	0.004289
1.55E-07	0.004259
1.56E-07	0.004229
1.56E-07	0.004169
1.57E-07	0.004018
1.58E-07	0.003868
1.58E-07	0.003718
1.59E-07	0.003569
1.60E-07	0.003421
1.61E-07	0.003289
1.61E-07	0.003161
1.62E-07	0.003033
1.63E-07	0.002906
1.63E-07	0.002795
1.64E-07	0.002762
1.65E-07	0.002729
1.66E-07	0.002697
1.66E-07	0.002665
1.67E-07	0.002633
1.68E-07	0.002601
1.68E-07	0.002569
1.69E-07	0.002537
1.70E-07	0.002506
1.71E-07	0.002475
1.71E-07	0.002443
1.72E-07	0.002412
1.73E-07	0.002381
1.74E-07	0.00235
1.74E-07	0.00232
1.75E-07	0.002289
1.76E-07	0.002257
1.77E-07	0.002226
1.78E-07	0.002195
1.78E-07	0.002164
1.79E-07	0.002133
1.80E-07	0.002103
1.81E-07	0.002072
1.81E-07	0.002041
1.82E-07	0.002011
1.83E-07	0.002
1.84E-07	0.00199
1.85E-07	0.00198
1.86E-07	0.00197
1.86E-07	0.00196
1.87E-07	0.00195
1.88E-07	0.001941
1.89E-07	0.00193
1.90E-07	0.001921
1.90E-07	0.001912
1.91E-07	0.001902
1.92E-07	0.001893
1.93E-07	0.001883
1.94E-07	0.001873
1.95E-07	0.001864
1.96E-07	0.001855
1.96E-07	0.001846
1.97E-07	0.001837
1.98E-07	0.001827
1.99E-07	0.001818
2.00E-07	0.001809
2.01E-07	0.0018
2.02E-07	0.001791
2.03E-07	0.001783
2.03E-07	0.001774
2.04E-07	0.001766
2.05E-07	0.001757
2.06E-07	0.001748
2.07E-07	0.001739
2.08E-07	0.001731
2.09E-07	0.001723
2.10E-07	0.001714
2.11E-07	0.001706
2.12E-07	0.001697
2.12E-07	0.00169
2.13E-07	0.001681
2.14E-07	0.001673
2.15E-07	0.001665
2.16E-07	0.001657
2.17E-07	0.001649
2.18E-07	0.00164
2.19E-07	0.001633
2.20E-07	0.001625
2.21E-07	0.001617
2.22E-07	0.001609
2.23E-07	0.001602
2.24E-07	0.001594
2.25E-07	0.001586
2.26E-07	0.001579
2.27E-07	0.001571
2.28E-07	0.001563
2.29E-07	0.001555
2.30E-07	0.001549
2.31E-07	0.001541
2.32E-07	0.001534
2.33E-07	0.001526
2.34E-07	0.001519
2.35E-07	0.001512
2.36E-07	0.001504
2.37E-07	0.001498
2.38E-07	0.00149
2.39E-07	0.001483
2.40E-07	0.001476
2.41E-07	0.001469
2.42E-07	0.001462
2.43E-07	0.001455
2.44E-07	0.001448
2.46E-07	0.001442
2.47E-07	0.001434
2.48E-07	0.001428
2.49E-07	0.001421
2.50E-07	0.001414
2.51E-07	0.001407
2.52E-07	0.001401
2.53E-07	0.001395
2.54E-07	0.001387
2.55E-07	0.001381
2.57E-07	0.001375
2.58E-07	0.001368
2.59E-07	0.001361
2.60E-07	0.001355
2.61E-07	0.001349
2.62E-07	0.001343
2.63E-07	0.001336
2.65E-07	0.00133
2.66E-07	0.001324
2.67E-07	0.001318
2.68E-07	0.001312
2.69E-07	0.001305
2.70E-07	0.001299
2.72E-07	0.001293
2.73E-07	0.001287
2.74E-07	0.001281
2.75E-07	0.001276
2.76E-07	0.001269
2.78E-07	0.001263
2.79E-07	0.001257
2.80E-07	0.001252
2.81E-07	0.001246
2.82E-07	0.00124
2.84E-07	0.001234
2.85E-07	0.001229
2.86E-07	0.001222
2.87E-07	0.001217
2.89E-07	0.001211
2.90E-07	0.001206
2.91E-07	0.0012
2.93E-07	0.001195
2.94E-07	0.001189
2.95E-07	0.001184
2.96E-07	0.001178
2.98E-07	0.001173
2.99E-07	0.001168
3.00E-07	0.001162
3.02E-07	0.001157
3.03E-07	0.001151
3.04E-07	0.001145
3.06E-07	0.00114
3.07E-07	0.001135
3.08E-07	0.00113
3.10E-07	0.001125
3.11E-07	0.001119
3.12E-07	0.001114
3.14E-07	0.001109
3.15E-07	0.001104
3.17E-07	0.001099
3.18E-07	0.001094
3.19E-07	0.001089
3.21E-07	0.001084
3.22E-07	0.001079
3.24E-07	0.001074
3.25E-07	0.001069
3.26E-07	0.001064
3.28E-07	0.001059
3.29E-07	0.001054
3.31E-07	0.00105
3.32E-07	0.001045
3.34E-07	0.00104
3.35E-07	0.001035
3.37E-07	0.00103
3.38E-07	0.001026
3.40E-07	0.001022
3.41E-07	0.001017
3.43E-07	0.001013
3.44E-07	0.001008
3.46E-07	0.001003
3.47E-07	0.000999
3.49E-07	0.000994
3.50E-07	0.00099
3.52E-07	0.000985
3.53E-07	0.00098
3.55E-07	0.000976
3.56E-07	0.000971
3.58E-07	0.000967
3.59E-07	0.000963
3.61E-07	0.000958
3.63E-07	0.000954
3.64E-07	0.000949
3.66E-07	0.000945
3.67E-07	0.000942
3.69E-07	0.000937
3.71E-07	0.000933
3.72E-07	0.000929
3.74E-07	0.000924
3.76E-07	0.00092
3.77E-07	0.000916
3.79E-07	0.000912
3.81E-07	0.000907
3.82E-07	0.000903
3.84E-07	0.000899
3.86E-07	0.000895
3.87E-07	0.000892
3.89E-07	0.000888
3.91E-07	0.000883
3.92E-07	0.000879
3.94E-07	0.000875
3.96E-07	0.000871
3.98E-07	0.000867
3.99E-07	0.000863
4.01E-07	0.000859
4.03E-07	0.000855
4.05E-07	0.000852
4.06E-07	0.000848
4.08E-07	0.000844
4.10E-07	0.00084
4.12E-07	0.000837
4.14E-07	0.000833
4.15E-07	0.000829
4.17E-07	0.000825
4.19E-07	0.000821
4.21E-07	0.000818
4.23E-07	0.000815
4.25E-07	0.000811
4.26E-07	0.000807
4.28E-07	0.000803
4.30E-07	0.0008
4.32E-07	0.000796
4.34E-07	0.000792
4.36E-07	0.000789
4.38E-07	0.000786
4.40E-07	0.000782
4.42E-07	0.000779
4.44E-07	0.000775
4.45E-07	0.000771
4.47E-07	0.000768
4.49E-07	0.000764
4.51E-07	0.000761
4.53E-07	0.000758
4.55E-07	0.000755
4.57E-07	0.000751
4.59E-07	0.000748
4.61E-07	0.000744
4.63E-07	0.000741
4.65E-07	0.000737
4.67E-07	0.000735
4.70E-07	0.000731
4.72E-07	0.000728
4.74E-07	0.000725
4.76E-07	0.000721
4.78E-07	0.000718
4.80E-07	0.000715
4.82E-07	0.000711
4.84E-07	0.000709
4.86E-07	0.000706
4.88E-07	0.000702
4.91E-07	0.000699
4.93E-07	0.000696
4.95E-07	0.000693
4.97E-07	0.000689
4.99E-07	0.000687
5.01E-07	0.000684
5.04E-07	0.000681
5.06E-07	0.000678
5.08E-07	0.000674
5.10E-07	0.000671
5.13E-07	0.000668
5.15E-07	0.000665
5.17E-07	0.000663
5.19E-07	0.00066
5.22E-07	0.000657
5.24E-07	0.000654
5.26E-07	0.000651
5.28E-07	0.000648
5.31E-07	0.000645
5.33E-07	0.000643
5.35E-07	0.00064
5.38E-07	0.000637
5.40E-07	0.000634
5.43E-07	0.000631
5.45E-07	0.000628
5.47E-07	0.000625
5.50E-07	0.000622
5.52E-07	0.00062
5.55E-07	0.000617
5.57E-07	0.000614
5.59E-07	0.000611
5.62E-07	0.000609
5.64E-07	0.000606
5.67E-07	0.000603
5.69E-07	0.000601
5.72E-07	0.000598
5.74E-07	0.000596
5.77E-07	0.000593
5.79E-07	0.00059
5.82E-07	0.000587
5.85E-07	0.000585
5.87E-07	0.000583
5.90E-07	0.00058
5.92E-07	0.000577
5.95E-07	0.000575
5.97E-07	0.000572
6.00E-07	0.000569
6.03E-07	0.000567
6.05E-07	0.000564
6.08E-07	0.000562
6.11E-07	0.00056
6.13E-07	0.000557
6.16E-07	0.000555
6.19E-07	0.000552
6.21E-07	0.000549
6.24E-07	0.000547
6.27E-07	0.000545
6.30E-07	0.000543
6.32E-07	0.00054
6.35E-07	0.000538
6.38E-07	0.000535
6.41E-07	0.000533
6.44E-07	0.00053
6.46E-07	0.000528
6.49E-07	0.000526
6.52E-07	0.000524
6.55E-07	0.000521
6.58E-07	0.000519
6.61E-07	0.000516
6.64E-07	0.000514
6.67E-07	0.000512
6.70E-07	0.00051
6.72E-07	0.000508
6.75E-07	0.000505
6.78E-07	0.000503
6.81E-07	0.000501
6.84E-07	0.000498
6.87E-07	0.000496
6.90E-07	0.000494
6.93E-07	0.000492
6.96E-07	0.00049
6.99E-07	0.000488
7.03E-07	0.000486
7.06E-07	0.000483
7.09E-07	0.000481
7.12E-07	0.000479
7.15E-07	0.000477
7.18E-07	0.000475
7.21E-07	0.000473
7.24E-07	0.000471
7.28E-07	0.000469
7.31E-07	0.000466
7.34E-07	0.000464
7.37E-07	0.000462
7.40E-07	0.00046
7.44E-07	0.000459
7.47E-07	0.000457
7.50E-07	0.000455
7.54E-07	0.000452
7.57E-07	0.00045
7.60E-07	0.000448
7.64E-07	0.000446
7.67E-07	0.000444
7.70E-07	0.000443
7.74E-07	0.000441
7.77E-07	0.000439
7.80E-07	0.000437
7.84E-07	0.000435
7.87E-07	0.000433
7.91E-07	0.000431
7.94E-07	0.000429
7.98E-07	0.000428
8.01E-07	0.000426
8.05E-07	0.000424
8.08E-07	0.000422
8.12E-07	0.00042
8.15E-07	0.000418
8.19E-07	0.000416
8.23E-07	0.000414
8.26E-07	0.000412
8.30E-07	0.000411
8.33E-07	0.000409
8.37E-07	0.000407
8.41E-07	0.000405
8.44E-07	0.000403
8.48E-07	0.000401
8.52E-07	0.0004
8.56E-07	0.000398
8.59E-07	0.000396
8.63E-07	0.000395
8.67E-07	0.000393
8.71E-07	0.000391
8.75E-07	0.000389
8.78E-07	0.000388
8.82E-07	0.000386
8.86E-07	0.000384
8.90E-07	0.000382
8.94E-07	0.000381
8.98E-07	0.00038
9.02E-07	0.000378
9.06E-07	0.000376
9.10E-07	0.000374
9.14E-07	0.000373
9.18E-07	0.000371
9.22E-07	0.000369
9.26E-07	0.000367
9.30E-07	0.000366
9.34E-07	0.000365
9.38E-07	0.000363
9.42E-07	0.000361
9.46E-07	0.00036
9.50E-07	0.000358
9.55E-07	0.000356
9.59E-07	0.000355
9.63E-07	0.000353
9.67E-07	0.000351
9.72E-07	0.000351
9.76E-07	0.000349
9.80E-07	0.000347
9.84E-07	0.000346
9.89E-07	0.000344
9.93E-07	0.000343
9.97E-07	0.000341
1.00E-06	0.000339
1.01E-06	0.000338
1.01E-06	0.000336
1.02E-06	0.000336
1.02E-06	0.000334
1.02E-06	0.000333
1.03E-06	0.000331
1.03E-06	0.000329
1.04E-06	0.000328
1.04E-06	0.000326
1.05E-06	0.000325
1.05E-06	0.000323
1.06E-06	0.000322
1.06E-06	0.000321
1.07E-06	0.00032
1.07E-06	0.000318
1.07E-06	0.000317
1.08E-06	0.000315
1.08E-06	0.000314
1.09E-06	0.000312
1.09E-06	0.000311
1.10E-06	0.000309
1.10E-06	0.000308
1.11E-06	0.000306
1.11E-06	0.000306
1.12E-06	0.000305
1.12E-06	0.000303
1.13E-06	0.000302
1.13E-06	0.0003
1.14E-06	0.000299
1.14E-06	0.000298
1.15E-06	0.000296
1.15E-06	0.000295
1.16E-06	0.000293
1.16E-06	0.000292
1.17E-06	0.000292
1.17E-06	0.00029
1.18E-06	0.000289
1.18E-06	0.000288
1.19E-06	0.000286
1.19E-06	0.000285
1.20E-06	0.000284
1.20E-06	0.000282
1.21E-06	0.000281
1.21E-06	0.00028
1.22E-06	0.000278
1.23E-06	0.000278
1.23E-06	0.000277
1.24E-06	0.000275
1.24E-06	0.000274
1.25E-06	0.000273
1.25E-06	0.000271
1.26E-06	0.00027
1.26E-06	0.000269
1.27E-06	0.000268
1.27E-06	0.000266
1.28E-06	0.000265
1.29E-06	0.000264
1.29E-06	0.000263
1.30E-06	0.000262
1.30E-06	0.000261
1.31E-06	0.00026
1.31E-06	0.000259
1.32E-06	0.000258
1.33E-06	0.000256
1.33E-06	0.000255
1.34E-06	0.000254
1.34E-06	0.000253
1.35E-06	0.000252
1.36E-06	0.00025
1.36E-06	0.000249
1.37E-06	0.000249
1.37E-06	0.000248
1.38E-06	0.000247
1.39E-06	0.000246
1.39E-06	0.000244
1.40E-06	0.000243
1.40E-06	0.000242
1.41E-06	0.000241
1.42E-06	0.00024
1.42E-06	0.000239
1.43E-06	0.000238
1.43E-06	0.000236
1.44E-06	0.000235
1.45E-06	0.000235
1.45E-06	0.000234
1.46E-06	0.000233
1.47E-06	0.000232
1.47E-06	0.000231
1.48E-06	0.00023
1.49E-06	0.000229
1.49E-06	0.000228
1.50E-06	0.000227
1.51E-06	0.000225
1.51E-06	0.000224
1.52E-06	0.000223
1.53E-06	0.000222
1.53E-06	0.000221
1.54E-06	0.000221
1.55E-06	0.00022
1.55E-06	0.000219
1.56E-06	0.000218
1.57E-06	0.000217
1.57E-06	0.000216
1.58E-06	0.000215
1.59E-06	0.000214
1.59E-06	0.000213
1.60E-06	0.000212
1.61E-06	0.000211
1.61E-06	0.00021
1.62E-06	0.000209
1.63E-06	0.000208
1.64E-06	0.000208
1.64E-06	0.000207
1.65E-06	0.000206
1.66E-06	0.000205
1.67E-06	0.000204
1.67E-06	0.000203
1.68E-06	0.000202
1.69E-06	0.000201
1.69E-06	0.0002
1.70E-06	0.0002
1.71E-06	0.000199
1.72E-06	0.000198
1.72E-06	0.000197
1.73E-06	0.000196
1.74E-06	0.000195
1.75E-06	0.000194
1.76E-06	0.000194
1.76E-06	0.000193
1.77E-06	0.000192
1.78E-06	0.000191
1.79E-06	0.00019
1.79E-06	0.00019
1.80E-06	0.000189
1.81E-06	0.000188
1.82E-06	0.000187
1.83E-06	0.000186
1.83E-06	0.000185
1.84E-06	0.000184
1.85E-06	0.000183
1.86E-06	0.000183
1.87E-06	0.000182
1.87E-06	0.000181
1.88E-06	0.00018
1.89E-06	0.00018
1.90E-06	0.000179
1.91E-06	0.000178
1.92E-06	0.000178
1.92E-06	0.000177
1.93E-06	0.000176
1.94E-06	0.000175
1.95E-06	0.000174
1.96E-06	0.000173
1.97E-06	0.000173
1.98E-06	0.000172
1.98E-06	0.000171
1.99E-06	0.00017
2.00E-06	0.000169
