0.0000003	2.5533
0.00000031	2.518
0.00000032	2.4657
0.00000033	2.3972
0.00000034	2.3141
0.00000035	2.2184
0.00000036	2.1125
0.00000037	1.9987
0.00000038	1.8799
0.00000039	1.7583
0.0000004	1.6362
0.00000041	1.5156
0.00000042	1.3981
0.00000043	1.2849
0.00000044	1.1769
0.00000045	1.0746
0.00000046	0.97857
0.00000047	0.88885
0.00000048	0.80546
0.00000049	0.72828
0.0000005	0.65712
0.00000051	0.59169
0.00000052	0.53171
0.00000053	0.47685
0.00000054	0.42677
0.00000055	0.38115
0.00000056	0.33967
0.00000057	0.30202
0.00000058	0.26789
0.00000059	0.23702
0.0000006	0.20913
0.00000061	0.184
0.00000062	0.16138
0.00000063	0.1411
0.00000064	0.12401
0.00000065	0.11982
0.00000066	0.11575
0.00000067	0.11189
0.00000068	0.10825
0.00000069	0.10481
0.0000007	0.10158
0.00000071	0.098541
0.00000072	0.095675
0.00000073	0.092976
0.00000074	0.09043
0.00000075	0.088028
0.00000076	0.085759
0.00000077	0.083615
0.00000078	0.081588
0.00000079	0.079668
0.0000008	0.07785
0.00000081	0.076125
0.00000082	0.074489
0.00000083	0.072936
0.00000084	0.07146
0.00000085	0.070056
0.00000086	0.06872
0.00000087	0.067448
0.00000088	0.066235
0.00000089	0.065079
0.0000009	0.063976
0.00000091	0.062923
0.00000092	0.061916
0.00000093	0.060954
0.00000094	0.060035
0.00000095	0.059154
0.00000096	0.058311
0.00000097	0.057504
0.00000098	0.05673
0.00000099	0.055988
0.000001	0.055276
0.00000101	0.054593
0.00000102	0.053937
0.00000103	0.053307
0.00000104	0.052702
0.00000105	0.05212
0.00000106	0.05156
0.00000107	0.051021
0.00000108	0.050503
0.00000109	0.050004
0.0000011	0.049524
0.00000111	0.049061
0.00000112	0.048615
0.00000113	0.048185
0.00000114	0.047771
0.00000115	0.047371
0.00000116	0.046985
0.00000117	0.046613
0.00000118	0.046254
0.00000119	0.045908
0.0000012	0.045573
0.00000121	0.04525
0.00000122	0.044938
0.00000123	0.044636
0.00000124	0.044344
0.00000125	0.044063
0.00000126	0.043791
0.00000127	0.043527
0.00000128	0.043273
0.00000129	0.043027
0.0000013	0.042789
0.00000131	0.042558
0.00000132	0.042336
0.00000133	0.04212
1.34E-06	0.041931
0.00000134	0.041912
0.00000135	0.04171
1.36E-06	0.041595
0.000001379	0.041162
1.40E-06	0.04085
1.42E-06	0.040548
0.00000143	0.040315
1.43E-06	0.040256
0.00000144	0.040165
0.00000145	0.040019
1.46E-06	0.039883
0.00000146	0.039879
0.00000147	0.039743
1.48E-06	0.039615
0.00000148	0.039611
0.00000149	0.039484
1.49E-06	0.039442
0.0000015	0.03936
0.00000151	0.039241
1.51E-06	0.039191
0.00000152	0.039126
0.00000153	0.039014
1.54E-06	0.038951
0.00000154	0.038907
0.00000155	0.038802
0.000001558	0.038722
0.00000156	0.038701
0.00000157	0.038604
1.57E-06	0.038575
0.00000158	0.03851
0.00000159	0.038419
1.60E-06	0.038363
0.0000016	0.038331
0.00000161	0.038246
1.61E-06	0.038228
0.00000162	0.038164
0.00000163	0.038085
1.64E-06	0.038034
0.00000164	0.038009
0.00000165	0.037935
1.65E-06	0.037911
0.00000166	0.037864
0.00000167	0.037796
1.68E-06	0.037736
0.00000168	0.03773
0.00000169	0.037666
1.70E-06	0.037625
0.0000017	0.037605
1.71E-06	0.03752
1.73E-06	0.03742
1.75E-06	0.037325
1.77E-06	0.037235
1.79E-06	0.03715
1.81E-06	0.037071
1.83E-06	0.036998
1.85E-06	0.036929
1.87E-06	0.036867
1.90E-06	0.03681
1.92E-06	0.03676
1.93E-06	0.036736
1.95E-06	0.036695
0.000001976	0.036659
1.99E-06	0.036643
2.01E-06	0.036617
2.04E-06	0.036597
0.000002051	0.03659
2.08E-06	0.03658
2.09E-06	0.036577
0.000002118	0.036578
0.000002132	0.03658
2.15E-06	0.036585
2.17E-06	0.0366
2.19E-06	0.03661
2.22E-06	0.036636
2.23E-06	0.036652
2.25E-06	0.03667
2.27E-06	0.036689
2.30E-06	0.036735
2.31E-06	0.036761
2.33E-06	0.036789
2.35E-06	0.03682
2.37E-06	0.036852
2.38E-06	0.036887
2.42E-06	0.036963
2.44E-06	0.037005
0.000002455	0.037049
2.47E-06	0.037095
2.49E-06	0.037144
2.51E-06	0.037195
2.53E-06	0.037249
2.55E-06	0.037306
2.57E-06	0.037365
2.59E-06	0.037427
2.61E-06	0.037492
2.63E-06	0.037559
2.66E-06	0.037629
2.68E-06	0.037702
2.70E-06	0.037779
2.72E-06	0.037858
2.75E-06	0.03794
2.77E-06	0.038026
2.79E-06	0.038115
2.82E-06	0.038207
2.84E-06	0.038302
2.87E-06	0.038401
2.89E-06	0.038504
2.92E-06	0.03861
0.000002946	0.03872
0.000002973	0.038833
3.00E-06	0.038951
3.03E-06	0.039072
3.06E-06	0.039198
3.09E-06	0.039328
3.12E-06	0.039462
3.15E-06	0.039601
0.000003177	0.039744
3.21E-06	0.039892
3.24E-06	0.040044
3.27E-06	0.040202
3.31E-06	0.040364
3.34E-06	0.040532
3.38E-06	0.040705
3.41E-06	0.040883
3.45E-06	0.041067
3.48E-06	0.041257
3.52E-06	0.041453
3.56E-06	0.041656
3.60E-06	0.041864
3.64E-06	0.042079
3.68E-06	0.042301
3.72E-06	0.04253
3.77E-06	0.042766
3.81E-06	0.04301
3.86E-06	0.043261
3.90E-06	0.043521
3.95E-06	0.043789
4.00E-06	0.044065
4.05E-06	0.04435
0.000004102	0.044644
4.15E-06	0.044948
4.21E-06	0.045262
4.26E-06	0.045586
4.32E-06	0.04592
4.38E-06	0.046266
4.44E-06	0.046623
4.50E-06	0.046992
4.56E-06	0.047374
4.63E-06	0.047769
4.70E-06	0.048177
4.77E-06	0.048599
4.84E-06	0.049036
0.00000491	0.049489
4.99E-06	0.049957
5.06E-06	0.050443
5.14E-06	0.050946
5.23E-06	0.051467
5.31E-06	0.052008
5.40E-06	0.052569
5.49E-06	0.053151
5.59E-06	0.053756
5.69E-06	0.054384
5.79E-06	0.055037
5.89E-06	0.055716
6.00E-06	0.056422
6.11E-06	0.057158
6.23E-06	0.057924
6.35E-06	0.058723
6.48E-06	0.059556
6.61E-06	0.060426
6.75E-06	0.061335
6.89E-06	0.062285
7.04E-06	0.063279
7.20E-06	0.064319
7.36E-06	0.06541
7.54E-06	0.066554
7.72E-06	0.067755
7.90E-06	0.069017
8.10E-06	0.070346
8.31E-06	0.071746
8.53E-06	0.073222
8.76E-06	0.074781
9.00E-06	0.076429
9.26E-06	0.078175
9.53E-06	0.080026
9.82E-06	0.081993
0.000010127	0.084087
0.000010453	0.086318
0.000010802	0.088701
0.000011174	0.091253
0.000011573	0.093989
0.000012002	0.096933
0.000012464	0.10011
0.000012962	0.10354
0.000013502	0.10726
0.000014089	0.1113
0.00001473	0.11572
0.000015431	0.12056
0.000016203	0.12589
0.000017056	0.13179
0.000018003	0.13834
0.000019062	0.14567
0.000020254	0.15391
0.000021604	0.16325
0.000023147	0.17393
0.000024927	0.18625
0.000027005	0.20062
0.00002946	0.21758
0.000032406	0.23792
0.000036006	0.26274
