2.510000000000000109e-07 3.706599999999999895e+00
2.525100000000000290e-07 3.767900000000000027e+00
2.540299999999999526e-07 3.829499999999999904e+00
2.555599999999999935e-07 3.891500000000000181e+00
2.570899999999999814e-07 3.953899999999999970e+00
2.586399999999999919e-07 4.016700000000000159e+00
2.601900000000000025e-07 4.083899999999999864e+00
2.617599999999999828e-07 4.180600000000000094e+00
2.633300000000000161e-07 4.277899999999999814e+00
2.649099999999999548e-07 4.375700000000000145e+00
2.665100000000000220e-07 4.474199999999999733e+00
2.681100000000000364e-07 4.573199999999999932e+00
2.697200000000000091e-07 4.672900000000000276e+00
2.713400000000000461e-07 4.766399999999999970e+00
2.729799999999999999e-07 4.858999999999999986e+00
2.746199999999999537e-07 4.952300000000000146e+00
2.762700000000000247e-07 5.046100000000000030e+00
2.779300000000000012e-07 5.140399999999999636e+00
2.795999999999999890e-07 5.235299999999999621e+00
2.812799999999999882e-07 5.245400000000000063e+00
2.829699999999999987e-07 5.228900000000000325e+00
2.846799999999999789e-07 5.212200000000000166e+00
2.863899999999999592e-07 5.195400000000000240e+00
2.881099999999999508e-07 5.178499999999999659e+00
2.898400000000000066e-07 5.161599999999999966e+00
2.915800000000000209e-07 4.996800000000000352e+00
2.933400000000000049e-07 4.816200000000000259e+00
2.950999999999999889e-07 4.634500000000000064e+00
2.968799999999999955e-07 4.451800000000000423e+00
2.986600000000000022e-07 4.267900000000000027e+00
3.004599999999999786e-07 4.103600000000000136e+00
3.022599999999999550e-07 3.999200000000000088e+00
3.040800000000000071e-07 3.894099999999999895e+00
3.059100000000000175e-07 3.788400000000000212e+00
3.077500000000000393e-07 3.682100000000000151e+00
3.095999999999999665e-07 3.575099999999999945e+00
3.114600000000000110e-07 3.509199999999999875e+00
3.133300000000000138e-07 3.454299999999999926e+00
3.152199999999999864e-07 3.399099999999999788e+00
3.171100000000000119e-07 3.343599999999999905e+00
3.190200000000000072e-07 3.287700000000000067e+00
3.209400000000000138e-07 3.241400000000000059e+00
3.228699999999999788e-07 3.205400000000000027e+00
3.248100000000000081e-07 3.169000000000000039e+00
3.267599999999999958e-07 3.132499999999999840e+00
3.287300000000000061e-07 3.095800000000000107e+00
3.307000000000000165e-07 3.063299999999999912e+00
3.326899999999999966e-07 3.038899999999999935e+00
3.346899999999999880e-07 3.014299999999999979e+00
3.367100000000000021e-07 2.989500000000000046e+00
3.387299999999999633e-07 2.964599999999999902e+00
3.407700000000000001e-07 2.944999999999999840e+00
3.428199999999999953e-07 2.934400000000000119e+00
3.448800000000000018e-07 2.923599999999999977e+00
3.469499999999999668e-07 2.912799999999999834e+00
3.490400000000000073e-07 2.902000000000000135e+00
3.511400000000000063e-07 2.899799999999999933e+00
3.532500000000000166e-07 2.905100000000000016e+00
3.553700000000000382e-07 2.910400000000000098e+00
3.575099999999999766e-07 2.915799999999999947e+00
3.596599999999999793e-07 2.921100000000000030e+00
3.618199999999999934e-07 2.763500000000000068e+00
3.639999999999999772e-07 2.574199999999999822e+00
3.661900000000000252e-07 2.383799999999999919e+00
3.683899999999999788e-07 2.192200000000000149e+00
3.705999999999999966e-07 1.981600000000000028e+00
3.728299999999999841e-07 1.721799999999999997e+00
3.750700000000000359e-07 1.460399999999999920e+00
3.773300000000000046e-07 1.197400000000000020e+00
3.795999999999999845e-07 9.328699999999999770e-01
3.818799999999999758e-07 8.069199999999999706e-01
3.841800000000000427e-07 7.103599999999999914e-01
3.864900000000000151e-07 6.132300000000000528e-01
3.888099999999999988e-07 5.154999999999999583e-01
3.911500000000000052e-07 4.468300000000000050e-01
3.935000000000000230e-07 4.086099999999999732e-01
3.958700000000000104e-07 3.701599999999999890e-01
3.982500000000000092e-07 3.314799999999999969e-01
4.006400000000000194e-07 2.976599999999999802e-01
4.030499999999999993e-07 2.776399999999999979e-01
4.054699999999999905e-07 2.575000000000000067e-01
4.079100000000000044e-07 2.372400000000000064e-01
4.103699999999999881e-07 2.179699999999999971e-01
4.128299999999999717e-07 2.049400000000000110e-01
4.153200000000000423e-07 1.918300000000000005e-01
4.178100000000000070e-07 1.786500000000000032e-01
4.203300000000000058e-07 1.660300000000000109e-01
4.228500000000000045e-07 1.576899999999999968e-01
4.253999999999999843e-07 1.492999999999999883e-01
4.279500000000000171e-07 1.408500000000000030e-01
4.305300000000000309e-07 1.327699999999999991e-01
4.331200000000000032e-07 1.262500000000000011e-01
4.357199999999999868e-07 1.196900000000000047e-01
4.383399999999999930e-07 1.130800000000000000e-01
4.409799999999999690e-07 1.071799999999999975e-01
4.436300000000000093e-07 1.025200000000000000e-01
4.462900000000000080e-07 9.782100000000000517e-02
4.489799999999999877e-07 9.309800000000000020e-02
4.516800000000000317e-07 8.888300000000000367e-02
4.543900000000000342e-07 8.497200000000000586e-02
4.571299999999999647e-07 8.103799999999999892e-02
4.598800000000000125e-07 7.707999999999999574e-02
4.626400000000000187e-07 7.357299999999999951e-02
4.654199999999999946e-07 7.006800000000000528e-02
4.682200000000000462e-07 6.654200000000000392e-02
4.710400000000000145e-07 6.349200000000000677e-02
4.738699999999999942e-07 6.128200000000000314e-02
4.767199999999999966e-07 5.906000000000000139e-02
4.795800000000000103e-07 5.682399999999999951e-02
4.824700000000000580e-07 5.477200000000000124e-02
4.853700000000000641e-07 5.274100000000000316e-02
4.882899999999999870e-07 5.069800000000000001e-02
4.912199999999999742e-07 4.885099999999999859e-02
4.941800000000000483e-07 4.728600000000000164e-02
4.971499999999999750e-07 4.571100000000000163e-02
5.001400000000000302e-07 4.413299999999999862e-02
5.031500000000000023e-07 4.268999999999999878e-02
5.061700000000000386e-07 4.123799999999999688e-02
5.092200000000000560e-07 3.977699999999999986e-02
5.122799999999999259e-07 3.871700000000000141e-02
5.153600000000000302e-07 3.779300000000000020e-02
5.184600000000000514e-07 3.686299999999999993e-02
5.215700000000000309e-07 3.588100000000000317e-02
5.247099999999999915e-07 3.484600000000000197e-02
5.278699999999999748e-07 3.380400000000000071e-02
5.310399999999999165e-07 3.280899999999999789e-02
5.342299999999999868e-07 3.191499999999999893e-02
5.374499999999999322e-07 3.101500000000000090e-02
5.406800000000000478e-07 3.014400000000000066e-02
5.439299999999999744e-07 2.939699999999999952e-02
5.472000000000000294e-07 2.864399999999999932e-02
5.504900000000000013e-07 2.789200000000000013e-02
5.537999999999999959e-07 2.716400000000000065e-02
5.571300000000000131e-07 2.643200000000000063e-02
5.604799999999999472e-07 2.571899999999999881e-02
5.638500000000000098e-07 2.514600000000000168e-02
5.672399999999999892e-07 2.456900000000000056e-02
5.706499999999999913e-07 2.399599999999999997e-02
5.740800000000000160e-07 2.344699999999999909e-02
5.775299999999999576e-07 2.289499999999999869e-02
5.810099999999999861e-07 2.235900000000000040e-02
5.844999999999999730e-07 2.187000000000000055e-02
5.880199999999999410e-07 2.137800000000000117e-02
5.915499999999999733e-07 2.089799999999999991e-02
5.951099999999999866e-07 2.043599999999999930e-02
5.986900000000000227e-07 1.997099999999999917e-02
6.022899999999999755e-07 1.950299999999999950e-02
6.059099999999999510e-07 1.903200000000000031e-02
6.095500000000000551e-07 1.855800000000000158e-02
6.132200000000000343e-07 1.814599999999999894e-02
6.168999999999999720e-07 1.774099999999999983e-02
6.206099999999999966e-07 1.733900000000000025e-02
6.243500000000000023e-07 1.696500000000000091e-02
6.280999999999999664e-07 1.659000000000000058e-02
6.318800000000000174e-07 1.623099999999999890e-02
6.356799999999999853e-07 1.588900000000000035e-02
6.394999999999999758e-07 1.554499999999999979e-02
6.433399999999999890e-07 1.516600000000000066e-02
6.472099999999999833e-07 1.477900000000000047e-02
6.511000000000000003e-07 1.440100000000000061e-02
6.550199999999999983e-07 1.404799999999999972e-02
6.589600000000000191e-07 1.369399999999999958e-02
6.629199999999999566e-07 1.333699999999999990e-02
6.669099999999999811e-07 1.297799999999999995e-02
6.709199999999999223e-07 1.263599999999999966e-02
6.749500000000000980e-07 1.235299999999999940e-02
6.790100000000000431e-07 1.206899999999999987e-02
6.830900000000000108e-07 1.178399999999999934e-02
6.872000000000000655e-07 1.149599999999999927e-02
6.913300000000000369e-07 1.120699999999999995e-02
6.954900000000000954e-07 1.091600000000000036e-02
6.996699999999999647e-07 1.062300000000000050e-02
7.038799999999999210e-07 1.036699999999999948e-02
7.081100000000000059e-07 1.011300000000000046e-02
7.123699999999999659e-07 9.883899999999999283e-03
7.166500000000000545e-07 9.674099999999999713e-03
7.209600000000000184e-07 9.456199999999999675e-03
7.252999999999999633e-07 9.213400000000000062e-03
7.296599999999999308e-07 8.969200000000000089e-03
7.340499999999999854e-07 8.711299999999999946e-03
7.384599999999999567e-07 8.450900000000000772e-03
7.429000000000000150e-07 8.186000000000000568e-03
7.473699999999999485e-07 7.917999999999999691e-03
7.518600000000000105e-07 7.655799999999999932e-03
7.563800000000000536e-07 7.402599999999999632e-03
7.609299999999999720e-07 7.157199999999999847e-03
7.655099999999999772e-07 6.946800000000000370e-03
7.701100000000000052e-07 6.734900000000000261e-03
7.747400000000000142e-07 6.517300000000000176e-03
7.794000000000000043e-07 6.298299999999999732e-03
7.840800000000000171e-07 6.090299999999999880e-03
7.887999999999999694e-07 5.882799999999999661e-03
7.935400000000000502e-07 5.681199999999999965e-03
7.983100000000000062e-07 5.480800000000000081e-03
8.031099999999999433e-07 5.282300000000000190e-03
8.079399999999999674e-07 5.084299999999999931e-03
8.127999999999999725e-07 4.890700000000000429e-03
8.176900000000000646e-07 4.700099999999999591e-03
8.226099999999999260e-07 4.521400000000000072e-03
8.275500000000000219e-07 4.353199999999999778e-03
8.325299999999999513e-07 4.189100000000000289e-03
8.375300000000000094e-07 4.028900000000000189e-03
8.425700000000000068e-07 3.865200000000000059e-03
8.476399999999999854e-07 3.697999999999999898e-03
8.527299999999999866e-07 3.529800000000000038e-03
8.578599999999999274e-07 3.360600000000000045e-03
8.630200000000000609e-07 3.199399999999999814e-03
8.682100000000000697e-07 3.043699999999999878e-03
8.734300000000000595e-07 2.883699999999999892e-03
8.786800000000000304e-07 2.720900000000000055e-03
8.839700000000000467e-07 2.580900000000000121e-03
8.892799999999999797e-07 2.448000000000000089e-03
8.946300000000000641e-07 2.318900000000000041e-03
9.000100000000000236e-07 2.189799999999999993e-03
9.054199999999999641e-07 2.070799999999999811e-03
9.108599999999999917e-07 1.951899999999999902e-03
9.163400000000000646e-07 1.836799999999999978e-03
9.218499999999999068e-07 1.721099999999999930e-03
9.273900000000000477e-07 1.604699999999999920e-03
9.329699999999999164e-07 1.496500000000000000e-03
9.385799999999999778e-07 1.395600000000000096e-03
9.442199999999999145e-07 1.294000000000000011e-03
9.499000000000000024e-07 1.191800000000000021e-03
9.556099999999998597e-07 1.094600000000000043e-03
9.613599999999999740e-07 1.000999999999999937e-03
9.671400000000000695e-07 9.200299999999999581e-04
9.729599999999999985e-07 8.409799999999999611e-04
9.788099999999999086e-07 7.637499999999999975e-04
9.846900000000000115e-07 6.898199999999999514e-04
9.906099999999999481e-07 6.169500000000000071e-04
9.965699999999999300e-07 5.484500000000000226e-04
1.002599999999999938e-06 4.838900000000000037e-04
1.008599999999999966e-06 4.248100000000000205e-04
1.014700000000000000e-06 3.705000000000000068e-04
1.020800000000000035e-06 3.182500000000000107e-04
1.026899999999999858e-06 2.715999999999999881e-04
1.033099999999999900e-06 2.292800000000000003e-04
1.039299999999999943e-06 1.913800000000000006e-04
1.045500000000000197e-06 1.587899999999999891e-04
1.051800000000000035e-06 1.282900000000000067e-04
1.058100000000000085e-06 1.014799999999999974e-04
1.064499999999999930e-06 8.210000000000000338e-05
1.070899999999999987e-06 6.679999999999999740e-05
1.077299999999999833e-06 5.720000000000000122e-05
1.083800000000000110e-06 4.849999999999999982e-05
1.090299999999999963e-06 4.050000000000000187e-05
1.096900000000000035e-06 3.380000000000000165e-05
1.103499999999999896e-06 2.830000000000000010e-05
1.110100000000000180e-06 2.379999999999999913e-05
1.116800000000000048e-06 1.980000000000000016e-05
1.123499999999999916e-06 1.629999999999999979e-05
1.130300000000000003e-06 1.340000000000000045e-05
1.137100000000000091e-06 1.040000000000000038e-05
1.143899999999999966e-06 7.960000000000000021e-06
1.150800000000000061e-06 6.039999999999999769e-06
1.157699999999999944e-06 4.420000000000000033e-06
1.164700000000000047e-06 3.029999999999999789e-06
1.171699999999999937e-06 2.160000000000000072e-06
1.178700000000000040e-06 2.179999999999999880e-06
1.185799999999999938e-06 2.200000000000000112e-06
1.192900000000000048e-06 2.219999999999999921e-06
1.200099999999999953e-06 2.240000000000000153e-06
1.207300000000000071e-06 2.259999999999999961e-06
1.214599999999999984e-06 2.280000000000000193e-06
1.221899999999999897e-06 2.300000000000000002e-06
1.229200000000000022e-06 2.319999999999999810e-06
1.236599999999999943e-06 2.340000000000000042e-06
1.244100000000000083e-06 2.359999999999999851e-06
1.251500000000000003e-06 2.380000000000000083e-06
1.259100000000000151e-06 2.399999999999999891e-06
1.266599999999999867e-06 2.420000000000000123e-06
1.274300000000000022e-06 2.449999999999999836e-06
1.281899999999999958e-06 2.470000000000000068e-06
1.289600000000000113e-06 2.489999999999999877e-06
1.297400000000000063e-06 2.510000000000000109e-06
1.305200000000000014e-06 2.529999999999999917e-06
1.312999999999999965e-06 2.560000000000000054e-06
1.320899999999999923e-06 2.579999999999999862e-06
1.328899999999999889e-06 2.600000000000000094e-06
1.336900000000000066e-06 2.619999999999999903e-06
1.344900000000000032e-06 2.650000000000000039e-06
1.353000000000000005e-06 2.669999999999999847e-06
1.361099999999999979e-06 2.690000000000000079e-06
1.369299999999999960e-06 2.719999999999999792e-06
1.377499999999999940e-06 2.740000000000000024e-06
1.385799999999999929e-06 2.770000000000000161e-06
1.394200000000000136e-06 2.789999999999999969e-06
1.402500000000000124e-06 2.820000000000000105e-06
1.411000000000000128e-06 2.839999999999999914e-06
1.419499999999999919e-06 2.870000000000000050e-06
1.427999999999999923e-06 2.889999999999999859e-06
1.436600000000000145e-06 2.919999999999999995e-06
1.445199999999999944e-06 2.939999999999999803e-06
1.453899999999999963e-06 2.969999999999999940e-06
1.462599999999999981e-06 2.990000000000000172e-06
1.471400000000000007e-06 3.019999999999999885e-06
1.480300000000000040e-06 3.050000000000000021e-06
1.489200000000000074e-06 3.069999999999999829e-06
1.498099999999999895e-06 3.099999999999999966e-06
1.507200000000000155e-06 3.130000000000000102e-06
1.516199999999999985e-06 3.159999999999999815e-06
1.525300000000000033e-06 3.180000000000000047e-06
1.534499999999999877e-06 3.210000000000000183e-06
1.543700000000000145e-06 3.239999999999999896e-06
1.552999999999999996e-06 3.270000000000000032e-06
1.562400000000000067e-06 3.300000000000000168e-06
1.571700000000000131e-06 3.329999999999999881e-06
1.581199999999999997e-06 3.360000000000000017e-06
1.590700000000000076e-06 3.390000000000000154e-06
1.600299999999999950e-06 3.419999999999999866e-06
1.609900000000000036e-06 3.450000000000000003e-06
1.619599999999999918e-06 3.480000000000000139e-06
1.629300000000000011e-06 3.509999999999999852e-06
1.639099999999999901e-06 3.539999999999999988e-06
1.649000000000000009e-06 3.570000000000000124e-06
1.658900000000000118e-06 3.599999999999999837e-06
1.668900000000000022e-06 3.629999999999999973e-06
1.678900000000000138e-06 3.660000000000000110e-06
1.689000000000000050e-06 3.700000000000000150e-06
1.699099999999999961e-06 3.729999999999999863e-06
1.709400000000000100e-06 3.759999999999999999e-06
1.719600000000000019e-06 3.790000000000000136e-06
1.729999999999999953e-06 3.829999999999999753e-06
1.740399999999999888e-06 3.860000000000000312e-06
1.750799999999999822e-06 3.899999999999999929e-06
1.761399999999999983e-06 3.929999999999999642e-06
1.771999999999999933e-06 3.960000000000000202e-06
1.782599999999999882e-06 3.999999999999999819e-06
1.793299999999999839e-06 4.030000000000000379e-06
1.804100000000000015e-06 4.069999999999999996e-06
1.814999999999999987e-06 4.109999999999999613e-06
1.825900000000000170e-06 4.140000000000000173e-06
1.836899999999999938e-06 4.179999999999999790e-06
1.847900000000000129e-06 4.220000000000000254e-06
1.858999999999999904e-06 4.249999999999999966e-06
1.870200000000000110e-06 4.289999999999999584e-06
1.881399999999999893e-06 4.330000000000000048e-06
1.892800000000000114e-06 4.369999999999999665e-06
1.904099999999999904e-06 4.410000000000000129e-06
1.915599999999999921e-06 4.439999999999999841e-06
1.927100000000000150e-06 4.480000000000000305e-06
1.938700000000000175e-06 4.519999999999999923e-06
1.950399999999999995e-06 4.560000000000000387e-06
1.962099999999999815e-06 4.600000000000000004e-06
1.973899999999999854e-06 4.639999999999999621e-06
1.985800000000000113e-06 4.680000000000000085e-06
1.997699999999999948e-06 4.729999999999999606e-06
2.009700000000000003e-06 4.770000000000000070e-06
2.021799999999999853e-06 4.809999999999999687e-06
2.033900000000000127e-06 4.850000000000000151e-06
2.046199999999999992e-06 4.889999999999999768e-06
2.058499999999999858e-06 4.940000000000000136e-06
2.070899999999999942e-06 4.979999999999999753e-06
2.083300000000000027e-06 5.030000000000000122e-06
2.095799999999999907e-06 5.069999999999999739e-06
2.108400000000000007e-06 5.110000000000000203e-06
2.121100000000000326e-06 5.159999999999999724e-06
2.133900000000000017e-06 5.210000000000000092e-06
2.146700000000000131e-06 5.249999999999999709e-06
2.159600000000000042e-06 5.300000000000000078e-06
2.172600000000000171e-06 5.339999999999999695e-06
2.185700000000000097e-06 5.390000000000000063e-06
2.198800000000000022e-06 5.439999999999999584e-06
2.212000000000000167e-06 5.489999999999999953e-06
2.225299999999999684e-06 5.530000000000000417e-06
2.238700000000000267e-06 5.579999999999999938e-06
2.252200000000000222e-06 5.630000000000000306e-06
2.265699999999999754e-06 5.679999999999999828e-06
2.279299999999999929e-06 5.730000000000000196e-06
2.293000000000000323e-06 5.779999999999999717e-06
2.306800000000000089e-06 5.830000000000000086e-06
2.320700000000000075e-06 5.890000000000000358e-06
2.334700000000000279e-06 5.939999999999999879e-06
2.348700000000000061e-06 5.990000000000000248e-06
2.362800000000000061e-06 6.039999999999999769e-06
2.376999999999999857e-06 6.100000000000000042e-06
2.391300000000000297e-06 6.150000000000000410e-06
2.405700000000000108e-06 6.199999999999999931e-06
2.420199999999999715e-06 6.260000000000000204e-06
2.434699999999999746e-06 6.309999999999999725e-06
2.449399999999999791e-06 6.369999999999999998e-06
2.464100000000000260e-06 6.430000000000000270e-06
2.478899999999999678e-06 6.479999999999999791e-06
2.493799999999999739e-06 6.540000000000000064e-06
2.508800000000000019e-06 6.600000000000000337e-06
2.523899999999999671e-06 6.659999999999999762e-06
2.539099999999999966e-06 6.710000000000000130e-06
2.554299999999999837e-06 6.770000000000000403e-06
2.569700000000000147e-06 6.829999999999999829e-06
2.585100000000000033e-06 6.890000000000000101e-06
2.600699999999999935e-06 6.950000000000000374e-06
2.616299999999999836e-06 7.019999999999999704e-06
2.632099999999999753e-06 7.079999999999999976e-06
2.647900000000000093e-06 7.140000000000000249e-06
2.663800000000000229e-06 7.199999999999999674e-06
2.679800000000000160e-06 7.269999999999999851e-06
2.695899999999999887e-06 7.330000000000000124e-06
2.712099999999999834e-06 7.390000000000000396e-06
2.728499999999999796e-06 7.459999999999999726e-06
2.744899999999999757e-06 7.529999999999999903e-06
2.761399999999999938e-06 7.590000000000000175e-06
2.777999999999999915e-06 7.659999999999999505e-06
2.794700000000000110e-06 7.730000000000000529e-06
2.811500000000000102e-06 7.789999999999999955e-06
2.828399999999999889e-06 7.859999999999999284e-06
2.845400000000000320e-06 7.930000000000000308e-06
2.862499999999999698e-06 7.999999999999999638e-06
2.879700000000000144e-06 8.070000000000000662e-06
2.896999999999999961e-06 8.139999999999999992e-06
2.914499999999999793e-06 8.219999999999999226e-06
2.932000000000000049e-06 8.290000000000000250e-06
2.949600000000000101e-06 8.359999999999999579e-06
2.967299999999999949e-06 8.440000000000000507e-06
2.985199999999999811e-06 8.509999999999999837e-06
3.003099999999999674e-06 8.579999999999999167e-06
3.021199999999999975e-06 8.660000000000000095e-06
3.039400000000000071e-06 8.739999999999999329e-06
3.057599999999999745e-06 8.810000000000000353e-06
3.075999999999999857e-06 8.889999999999999587e-06
3.094500000000000188e-06 8.970000000000000515e-06
3.113100000000000315e-06 9.049999999999999749e-06
3.131800000000000237e-06 9.130000000000000677e-06
3.150700000000000175e-06 9.209999999999999911e-06
3.169600000000000112e-06 9.290000000000000840e-06
3.188700000000000065e-06 9.370000000000000074e-06
3.207899999999999813e-06 9.459999999999999212e-06
3.227099999999999985e-06 9.540000000000000140e-06
3.246500000000000172e-06 9.619999999999999374e-06
3.266099999999999951e-06 9.710000000000000206e-06
3.285699999999999729e-06 9.789999999999999441e-06
3.305499999999999946e-06 9.880000000000000273e-06
3.325299999999999740e-06 9.969999999999999411e-06
3.345299999999999972e-06 1.009999999999999986e-05
3.365499999999999795e-06 1.009999999999999986e-05
3.385700000000000042e-06 1.020000000000000060e-05
3.406099999999999881e-06 1.029999999999999964e-05
3.426499999999999719e-06 1.040000000000000038e-05
3.447099999999999997e-06 1.049999999999999942e-05
3.467900000000000289e-06 1.060000000000000016e-05
3.488700000000000157e-06 1.069999999999999920e-05
3.509700000000000041e-06 1.079999999999999993e-05
3.530800000000000144e-06 1.090000000000000067e-05
3.552000000000000043e-06 1.099999999999999971e-05
3.573399999999999956e-06 1.110000000000000045e-05
3.594900000000000089e-06 1.119999999999999949e-05
3.616500000000000018e-06 1.130000000000000023e-05
3.638199999999999742e-06 1.139999999999999927e-05
3.660099999999999905e-06 1.150000000000000001e-05
3.682100000000000288e-06 1.160000000000000075e-05
3.704299999999999838e-06 1.169999999999999979e-05
3.726500000000000235e-06 1.180000000000000052e-05
3.748899999999999801e-06 1.189999999999999957e-05
3.771500000000000228e-06 1.200000000000000030e-05
3.794200000000000028e-06 1.209999999999999935e-05
3.817000000000000046e-06 1.220000000000000008e-05
3.839900000000000285e-06 1.230000000000000082e-05
3.863000000000000114e-06 1.239999999999999986e-05
3.886299999999999535e-06 1.250000000000000060e-05
3.909599999999999804e-06 1.259999999999999964e-05
3.933099999999999663e-06 1.270000000000000038e-05
3.956799999999999962e-06 1.290000000000000016e-05
3.980599999999999632e-06 1.299999999999999920e-05
4.004500000000000369e-06 1.309999999999999994e-05
4.028599999999999850e-06 1.320000000000000067e-05
4.052800000000000398e-06 1.329999999999999972e-05
4.077200000000000537e-06 1.340000000000000045e-05
4.101700000000000048e-06 1.360000000000000023e-05
4.126399999999999998e-06 1.369999999999999927e-05
4.151200000000000167e-06 1.380000000000000001e-05
4.176099999999999708e-06 1.390000000000000075e-05
4.201199999999999688e-06 1.399999999999999979e-05
4.226500000000000107e-06 1.419999999999999957e-05
4.251899999999999897e-06 1.430000000000000031e-05
4.277500000000000127e-06 1.439999999999999935e-05
4.303200000000000575e-06 1.450000000000000009e-05
4.329100000000000615e-06 1.469999999999999986e-05
4.355100000000000027e-06 1.480000000000000060e-05
4.381300000000000725e-06 1.489999999999999964e-05
4.407600000000000795e-06 1.509999999999999942e-05
4.434199999999999829e-06 1.520000000000000016e-05
4.460799999999999710e-06 1.529999999999999920e-05
4.487599999999999182e-06 1.550000000000000068e-05
4.514599999999999940e-06 1.559999999999999972e-05
4.541800000000000290e-06 1.569999999999999876e-05
4.569100000000000011e-06 1.590000000000000023e-05
4.596599999999999325e-06 1.599999999999999928e-05
4.624199999999999704e-06 1.620000000000000075e-05
4.652000000000000522e-06 1.629999999999999979e-05
4.680000000000000085e-06 1.639999999999999883e-05
4.708099999999999866e-06 1.660000000000000031e-05
4.736400000000000087e-06 1.669999999999999935e-05
4.764899999999999899e-06 1.690000000000000082e-05
4.793599999999999302e-06 1.699999999999999987e-05
4.822399999999999772e-06 1.720000000000000134e-05
4.851399999999999833e-06 1.730000000000000038e-05
4.880499999999999266e-06 1.749999999999999847e-05
4.909900000000000204e-06 1.760000000000000090e-05
4.939399999999999668e-06 1.779999999999999898e-05
4.969100000000000417e-06 1.790000000000000141e-05
4.998999999999999910e-06 1.809999999999999950e-05
5.000000000000000409e-06 1.809999999999999950e-05
5.018000000000000067e-06 1.819999999999999854e-05
5.035999999999999726e-06 1.830000000000000097e-05
5.054199999999999822e-06 1.840000000000000001e-05
5.072300000000000547e-06 1.849999999999999906e-05
5.090600000000000016e-06 1.860000000000000149e-05
5.108900000000000332e-06 1.870000000000000053e-05
5.127300000000000020e-06 1.879999999999999957e-05
5.145699999999999709e-06 1.889999999999999862e-05
5.164200000000000463e-06 1.900000000000000105e-05
5.182800000000000590e-06 1.910000000000000009e-05
5.201399999999999870e-06 1.919999999999999913e-05
5.220200000000000435e-06 1.930000000000000156e-05
5.238899999999999934e-06 1.940000000000000060e-05
5.257799999999999872e-06 1.949999999999999965e-05
5.276699999999999810e-06 1.959999999999999869e-05
5.295699999999999967e-06 1.970000000000000112e-05
5.314700000000000123e-06 1.980000000000000016e-05
5.333800000000000500e-06 1.989999999999999921e-05
5.352999999999999401e-06 2.000000000000000164e-05
5.372300000000000216e-06 2.010000000000000068e-05
5.391600000000000183e-06 2.019999999999999972e-05
5.410999999999999523e-06 2.029999999999999876e-05
5.430499999999999929e-06 2.040000000000000119e-05
5.450000000000000336e-06 2.050000000000000024e-05
5.469600000000000114e-06 2.069999999999999832e-05
5.489300000000000112e-06 2.080000000000000075e-05
5.509000000000000110e-06 2.089999999999999980e-05
5.528800000000000327e-06 2.099999999999999884e-05
5.548699999999999916e-06 2.110000000000000127e-05
5.568699999999999724e-06 2.120000000000000031e-05
5.588700000000000380e-06 2.129999999999999935e-05
5.608799999999999561e-06 2.139999999999999840e-05
5.628999999999999808e-06 2.150000000000000083e-05
5.649200000000000055e-06 2.169999999999999891e-05
5.669599999999999893e-06 2.180000000000000134e-05
5.690000000000000579e-06 2.190000000000000039e-05
5.710399999999999570e-06 2.199999999999999943e-05
5.730999999999999848e-06 2.209999999999999847e-05
5.751600000000000125e-06 2.220000000000000090e-05
5.772300000000000621e-06 2.229999999999999994e-05
5.793000000000000270e-06 2.250000000000000142e-05
5.813900000000000358e-06 2.260000000000000046e-05
5.834800000000000446e-06 2.269999999999999950e-05
5.855800000000000753e-06 2.279999999999999854e-05
5.876800000000000213e-06 2.290000000000000098e-05
5.897999999999999265e-06 2.309999999999999906e-05
5.919200000000000011e-06 2.320000000000000149e-05
5.940500000000000129e-06 2.330000000000000053e-05
5.961899999999999619e-06 2.339999999999999958e-05
5.983299999999999956e-06 2.360000000000000105e-05
6.004800000000000513e-06 2.370000000000000009e-05
6.026399999999999594e-06 2.379999999999999913e-05
6.048099999999999742e-06 2.390000000000000157e-05
6.069899999999999263e-06 2.409999999999999965e-05
6.091700000000000477e-06 2.419999999999999869e-05
6.113600000000000216e-06 2.430000000000000112e-05
6.135600000000000175e-06 2.440000000000000017e-05
6.157700000000000353e-06 2.460000000000000164e-05
6.179800000000000531e-06 2.470000000000000068e-05
6.202099999999999454e-06 2.479999999999999972e-05
6.224400000000000070e-06 2.500000000000000120e-05
6.246800000000000059e-06 2.510000000000000024e-05
6.269200000000000048e-06 2.519999999999999928e-05
6.291800000000000475e-06 2.540000000000000076e-05
6.314400000000000056e-06 2.549999999999999980e-05
6.337100000000000702e-06 2.559999999999999884e-05
6.359899999999999874e-06 2.580000000000000031e-05
6.382799999999999265e-06 2.589999999999999936e-05
6.405800000000000570e-06 2.599999999999999840e-05
6.428800000000000180e-06 2.619999999999999987e-05
6.451900000000000010e-06 2.629999999999999892e-05
6.475100000000000059e-06 2.640000000000000135e-05
6.498400000000000327e-06 2.659999999999999943e-05
6.521799999999999967e-06 2.669999999999999847e-05
6.545299999999999827e-06 2.689999999999999995e-05
6.568800000000000534e-06 2.699999999999999899e-05
6.592399999999999766e-06 2.710000000000000142e-05
6.616100000000000064e-06 2.729999999999999951e-05
6.639899999999999734e-06 2.739999999999999855e-05
6.663800000000000471e-06 2.760000000000000002e-05
6.687800000000000580e-06 2.769999999999999906e-05
6.711900000000000061e-06 2.790000000000000054e-05
6.735999999999999543e-06 2.799999999999999958e-05
6.760200000000000090e-06 2.820000000000000105e-05
6.784500000000000010e-06 2.830000000000000010e-05
6.809000000000000368e-06 2.850000000000000157e-05
6.833400000000000508e-06 2.860000000000000061e-05
6.857999999999999391e-06 2.879999999999999870e-05
6.882700000000000188e-06 2.890000000000000113e-05
6.907499999999999510e-06 2.909999999999999921e-05
6.932299999999999679e-06 2.920000000000000164e-05
6.957200000000000068e-06 2.939999999999999973e-05
6.982300000000000048e-06 2.949999999999999877e-05
7.007400000000000027e-06 2.970000000000000024e-05
7.032600000000000227e-06 2.979999999999999929e-05
7.057899999999999798e-06 3.000000000000000076e-05
7.083300000000000436e-06 3.019999999999999885e-05
7.108799999999999599e-06 3.030000000000000128e-05
7.134299999999999609e-06 3.049999999999999936e-05
7.160000000000000057e-06 3.059999999999999840e-05
7.185699999999999659e-06 3.080000000000000326e-05
7.211599999999999699e-06 3.100000000000000135e-05
7.237499999999999739e-06 3.109999999999999700e-05
7.263600000000000217e-06 3.130000000000000187e-05
7.289699999999999849e-06 3.149999999999999995e-05
7.315899999999999700e-06 3.160000000000000238e-05
7.342199999999999770e-06 3.180000000000000047e-05
7.368600000000000059e-06 3.199999999999999855e-05
7.395100000000000568e-06 3.210000000000000098e-05
7.421799999999999821e-06 3.229999999999999907e-05
7.448400000000000549e-06 3.249999999999999715e-05
7.475200000000000021e-06 3.259999999999999958e-05
7.502100000000000560e-06 3.279999999999999767e-05
7.529099999999999623e-06 3.300000000000000253e-05
7.556199999999999754e-06 3.320000000000000062e-05
7.583400000000000103e-06 3.330000000000000305e-05
7.610699999999999825e-06 3.350000000000000113e-05
7.638000000000000393e-06 3.369999999999999922e-05
7.665499999999999707e-06 3.389999999999999730e-05
7.693100000000000933e-06 3.399999999999999973e-05
7.720799999999998991e-06 3.419999999999999782e-05
7.748500000000000437e-06 3.440000000000000268e-05
7.776399999999998933e-06 3.460000000000000076e-05
7.804400000000001036e-06 3.479999999999999885e-05
7.832499999999999971e-06 3.490000000000000128e-05
7.860600000000000600e-06 3.509999999999999936e-05
7.888899999999999973e-06 3.529999999999999745e-05
7.917299999999999566e-06 3.550000000000000231e-05
7.945799999999999378e-06 3.570000000000000040e-05
7.974300000000000884e-06 3.589999999999999848e-05
8.002999999999999440e-06 3.610000000000000334e-05
8.031799999999999910e-06 3.630000000000000143e-05
8.060700000000000598e-06 3.639999999999999708e-05
8.089699999999999813e-06 3.660000000000000194e-05
8.118800000000000940e-06 3.680000000000000003e-05
8.147999999999998899e-06 3.699999999999999811e-05
8.177300000000000465e-06 3.720000000000000298e-05
8.206699999999998862e-06 3.740000000000000106e-05
8.236299999999999391e-06 3.759999999999999915e-05
8.265899999999999921e-06 3.779999999999999723e-05
8.295600000000000670e-06 3.800000000000000209e-05
8.325500000000000164e-06 3.820000000000000018e-05
8.355399999999999657e-06 3.839999999999999826e-05
8.385499999999999589e-06 3.860000000000000312e-05
8.415599999999999521e-06 3.880000000000000121e-05
8.445899999999999892e-06 3.899999999999999929e-05
8.476300000000000482e-06 3.919999999999999738e-05
8.506799999999999597e-06 3.940000000000000224e-05
8.537400000000000625e-06 3.960000000000000033e-05
8.568100000000000179e-06 4.119999999999999856e-05
8.598899999999999952e-06 4.369999999999999834e-05
8.629799999999999944e-06 4.630000000000000055e-05
8.660900000000000375e-06 4.890000000000000276e-05
8.692000000000000805e-06 5.080000000000000151e-05
8.723299999999999980e-06 5.270000000000000026e-05
8.754699999999999375e-06 5.459999999999999901e-05
8.786199999999998989e-06 5.649999999999999776e-05
8.817800000000000516e-06 5.840000000000000329e-05
8.849500000000000568e-06 6.030000000000000204e-05
8.881299999999999145e-06 6.229999999999999644e-05
8.913299999999999855e-06 6.420000000000000197e-05
8.945299999999998871e-06 6.019999999999999961e-05
8.977499999999998326e-06 7.810000000000000102e-05
9.009799999999999694e-06 7.600000000000000418e-05
9.042199999999999587e-06 7.389999999999999380e-05
9.074699999999999699e-06 7.179999999999999696e-05
9.107400000000000250e-06 6.959999999999999770e-05
9.140100000000000801e-06 6.750000000000000086e-05
9.173000000000000096e-06 6.399999999999999710e-05
9.205999999999999611e-06 5.610000000000000159e-05
9.239100000000001039e-06 5.280000000000000269e-05
9.272399999999999517e-06 5.089999999999999717e-05
9.305699999999999690e-06 4.899999999999999842e-05
9.339200000000000301e-06 4.740000000000000018e-05
9.372799999999999437e-06 4.630000000000000055e-05
9.406499999999998792e-06 4.569999999999999952e-05
9.440300000000000061e-06 4.589999999999999761e-05
9.474300000000000075e-06 4.619999999999999812e-05
9.508400000000000307e-06 4.640000000000000298e-05
9.542600000000000759e-06 4.669999999999999672e-05
9.576899999999999736e-06 4.690000000000000158e-05
9.611399999999999152e-06 4.720000000000000210e-05
9.645899999999998567e-06 4.740000000000000018e-05
9.680600000000000115e-06 4.770000000000000070e-05
9.715500000000000408e-06 4.789999999999999879e-05
9.750400000000000701e-06 4.819999999999999930e-05
9.785500000000001432e-06 4.839999999999999739e-05
9.820700000000000688e-06 4.869999999999999790e-05
9.856000000000000164e-06 5.030000000000000291e-05
9.891500000000000078e-06 5.450000000000000336e-05
9.926999999999999992e-06 5.860000000000000137e-05
9.962700000000000345e-06 6.279999999999999504e-05
9.998599999999999442e-06 6.750000000000000086e-05
1.003499999999999964e-05 7.239999999999999799e-05
1.007099999999999895e-05 7.679999999999999652e-05
1.010699999999999996e-05 8.090000000000000132e-05
1.014300000000000097e-05 8.600000000000000331e-05
1.017999999999999909e-05 9.359999999999999831e-05
1.021600000000000011e-05 1.012800000000000061e-04
1.025299999999999992e-05 1.063100000000000037e-04
1.028999999999999974e-05 1.102199999999999984e-04
1.032699999999999955e-05 1.141400000000000015e-04
1.036400000000000106e-05 1.180799999999999943e-04
1.040099999999999918e-05 1.220400000000000038e-04
1.043899999999999949e-05 1.234200000000000076e-04
1.047600000000000100e-05 1.248099999999999926e-04
1.051399999999999962e-05 1.262000000000000047e-04
1.055199999999999994e-05 1.275899999999999897e-04
1.059000000000000025e-05 1.289899999999999966e-04
1.062800000000000057e-05 1.303900000000000035e-04
1.066600000000000088e-05 1.318000000000000053e-04
1.070500000000000000e-05 1.332200000000000018e-04
1.074300000000000031e-05 1.361199999999999910e-04
1.078199999999999943e-05 1.419799999999999925e-04
1.081999999999999974e-05 1.478700000000000056e-04
1.085900000000000056e-05 1.537700000000000134e-04
1.089799999999999967e-05 1.597000000000000058e-04
1.093800000000000099e-05 1.656499999999999878e-04
1.097700000000000010e-05 1.702899999999999976e-04
1.101599999999999922e-05 1.743899999999999888e-04
1.105599999999999884e-05 1.785000000000000020e-04
1.109600000000000015e-05 1.826300000000000048e-04
1.113599999999999977e-05 1.867700000000000024e-04
1.117599999999999938e-05 1.909299999999999897e-04
1.121599999999999900e-05 1.950999999999999989e-04
1.125600000000000031e-05 1.992899999999999977e-04
1.129700000000000043e-05 2.003899999999999974e-04
1.133799999999999885e-05 1.989100000000000048e-04
1.137800000000000016e-05 1.974199999999999902e-04
1.141900000000000028e-05 1.959300000000000028e-04
1.146000000000000039e-05 1.944299999999999935e-04
1.150200000000000101e-05 1.929300000000000112e-04
1.154299999999999943e-05 1.914200000000000070e-04
1.158399999999999954e-05 1.899000000000000080e-04
1.162600000000000016e-05 1.883800000000000090e-04
1.166799999999999908e-05 1.868600000000000100e-04
1.171000000000000139e-05 1.853299999999999891e-04
1.175200000000000031e-05 1.820400000000000121e-04
1.179400000000000092e-05 1.779399999999999938e-04
1.183700000000000034e-05 1.738200000000000129e-04
1.187899999999999926e-05 1.696799999999999882e-04
1.192200000000000037e-05 1.655299999999999957e-04
1.196499999999999979e-05 1.647999999999999942e-04
1.200799999999999921e-05 1.679200000000000050e-04
1.205100000000000032e-05 1.710500000000000106e-04
1.209399999999999974e-05 1.741900000000000111e-04
1.213799999999999966e-05 1.773400000000000063e-04
1.218199999999999958e-05 1.804999999999999964e-04
1.222499999999999900e-05 1.836800000000000032e-04
1.226900000000000061e-05 1.868600000000000100e-04
1.231399999999999933e-05 1.900600000000000065e-04
1.235800000000000094e-05 1.932699999999999978e-04
1.240199999999999917e-05 1.960400000000000001e-04
1.244699999999999958e-05 1.980499999999999893e-04
1.249200000000000169e-05 2.000700000000000004e-04
1.253700000000000041e-05 2.020900000000000116e-04
1.258200000000000083e-05 2.041300000000000124e-04
1.262700000000000125e-05 2.061700000000000132e-04
1.267199999999999997e-05 2.082200000000000088e-04
1.271799999999999919e-05 2.102700000000000044e-04
1.276400000000000010e-05 2.123299999999999949e-04
1.281000000000000102e-05 2.144000000000000072e-04
1.285600000000000024e-05 2.166299999999999910e-04
1.290199999999999946e-05 2.207400000000000041e-04
1.294800000000000038e-05 2.248700000000000069e-04
1.299499999999999840e-05 2.290100000000000046e-04
1.304199999999999981e-05 2.331599999999999970e-04
1.308900000000000123e-05 2.373300000000000062e-04
1.313599999999999925e-05 2.415200000000000051e-04
1.318300000000000067e-05 2.457199999999999987e-04
1.323000000000000039e-05 2.499399999999999821e-04
1.327800000000000060e-05 2.544600000000000269e-04
1.332600000000000082e-05 2.590700000000000251e-04
1.337400000000000104e-05 2.637000000000000129e-04
1.342200000000000126e-05 2.683399999999999956e-04
1.347000000000000148e-05 2.730100000000000170e-04
1.351900000000000050e-05 2.776799999999999841e-04
1.356700000000000072e-05 2.823799999999999900e-04
1.361599999999999974e-05 2.870899999999999906e-04
1.366499999999999876e-05 2.883000000000000146e-04
1.371400000000000117e-05 2.795499999999999916e-04
1.376300000000000020e-05 2.707799999999999790e-04
1.381300000000000141e-05 2.619699999999999872e-04
1.386299999999999924e-05 2.531300000000000108e-04
1.391200000000000165e-05 2.380200000000000013e-04
1.396299999999999997e-05 2.166100000000000013e-04
1.401299999999999950e-05 2.030799999999999869e-04
1.406300000000000071e-05 1.930099999999999969e-04
1.411400000000000073e-05 1.828900000000000057e-04
1.416499999999999906e-05 1.727499999999999977e-04
1.421500000000000027e-05 1.626200000000000117e-04
1.426699999999999910e-05 1.524599999999999870e-04
1.431799999999999912e-05 1.424800000000000046e-04
1.436899999999999914e-05 1.339799999999999878e-04
1.442099999999999966e-05 1.254500000000000135e-04
1.447300000000000017e-05 1.168900000000000006e-04
1.452500000000000069e-05 1.104000000000000001e-04
1.457699999999999952e-05 1.129199999999999963e-04
1.463000000000000053e-05 1.154500000000000009e-04
1.468200000000000105e-05 1.179900000000000003e-04
1.473499999999999868e-05 1.205399999999999945e-04
1.478799999999999970e-05 1.231000000000000106e-04
1.484099999999999902e-05 1.256700000000000080e-04
1.489499999999999884e-05 1.282500000000000003e-04
1.494799999999999986e-05 1.308299999999999925e-04
1.500200000000000138e-05 1.334300000000000015e-04
1.505599999999999951e-05 1.360300000000000105e-04
1.510999999999999933e-05 1.388399999999999921e-04
1.516499999999999965e-05 1.418199999999999940e-04
1.521899999999999947e-05 1.448099999999999908e-04
1.527399999999999979e-05 1.478100000000000095e-04
1.532900000000000180e-05 1.508199999999999959e-04
1.538400000000000043e-05 1.538400000000000043e-04
1.543899999999999906e-05 1.568700000000000075e-04
1.549499999999999988e-05 1.599200000000000003e-04
1.555100000000000069e-05 1.673500000000000020e-04
1.560699999999999813e-05 1.863199999999999915e-04
1.566299999999999894e-05 2.053500000000000041e-04
1.571899999999999976e-05 2.244500000000000076e-04
1.577599999999999939e-05 2.891899999999999874e-04
1.583200000000000021e-05 4.290100000000000142e-04
1.588899999999999983e-05 5.021300000000000459e-04
1.594599999999999945e-05 5.470499999999999885e-04
1.600400000000000127e-05 5.921400000000000058e-04
1.606100000000000089e-05 6.280500000000000058e-04
1.611899999999999932e-05 6.580800000000000148e-04
1.617700000000000114e-05 6.882099999999999719e-04
1.623499999999999957e-05 7.184500000000000348e-04
1.629400000000000019e-05 7.784699999999999650e-04
1.635200000000000200e-05 8.534400000000000146e-04
1.641100000000000263e-05 9.444899999999999780e-04
1.646999999999999986e-05 1.037299999999999897e-03
1.652900000000000048e-05 1.033899999999999923e-03
1.658899999999999990e-05 9.943400000000000242e-04
1.664899999999999933e-05 9.546799999999999601e-04
1.670799999999999995e-05 9.148700000000000278e-04
1.676899999999999818e-05 7.876899999999999614e-04
1.682900000000000099e-05 6.321599999999999919e-04
1.688900000000000042e-05 5.709099999999999939e-04
1.694999999999999865e-05 5.192499999999999633e-04
1.701100000000000027e-05 4.981399999999999977e-04
1.707199999999999850e-05 4.769400000000000245e-04
1.713399999999999892e-05 4.556699999999999791e-04
1.719500000000000054e-05 4.343300000000000242e-04
1.725700000000000096e-05 4.207099999999999750e-04
1.731899999999999800e-05 4.180300000000000075e-04
1.738200000000000061e-05 4.153399999999999909e-04
1.744399999999999765e-05 4.126399999999999795e-04
1.750700000000000026e-05 4.099400000000000223e-04
1.756999999999999949e-05 4.072200000000000212e-04
1.763299999999999872e-05 4.044900000000000253e-04
1.769600000000000133e-05 4.017499999999999804e-04
1.776000000000000275e-05 3.989299999999999769e-04
1.782400000000000079e-05 3.960999999999999786e-04
1.788800000000000221e-05 3.932699999999999803e-04
1.795200000000000024e-05 3.904199999999999923e-04
1.801700000000000046e-05 3.875600000000000095e-04
1.808200000000000069e-05 3.846899999999999777e-04
1.814699999999999752e-05 3.818200000000000001e-04
1.821200000000000114e-05 3.789299999999999786e-04
1.827800000000000017e-05 3.760300000000000166e-04
1.834300000000000039e-05 3.731200000000000055e-04
1.840899999999999942e-05 3.701700000000000151e-04
1.847600000000000064e-05 3.670899999999999836e-04
1.854200000000000306e-05 3.640100000000000063e-04
1.860900000000000089e-05 3.609099999999999852e-04
1.867599999999999873e-05 3.578000000000000234e-04
1.874299999999999995e-05 3.546800000000000126e-04
1.880999999999999778e-05 3.515500000000000070e-04
1.887800000000000120e-05 3.484000000000000118e-04
1.894600000000000122e-05 3.452500000000000165e-04
1.901399999999999786e-05 3.420799999999999774e-04
1.908200000000000128e-05 3.389099999999999925e-04
1.915100000000000011e-05 3.357200000000000180e-04
1.921999999999999894e-05 3.325900000000000124e-04
1.928900000000000116e-05 3.295899999999999937e-04
1.935900000000000218e-05 3.265699999999999853e-04
1.942800000000000101e-05 3.235399999999999821e-04
1.949800000000000204e-05 3.204999999999999841e-04
1.956800000000000306e-05 3.174499999999999913e-04
1.963899999999999950e-05 3.143900000000000037e-04
1.970900000000000053e-05 3.113200000000000212e-04
1.978000000000000035e-05 3.082399999999999897e-04
1.985100000000000018e-05 3.051400000000000228e-04
1.992299999999999882e-05 3.020400000000000016e-04
1.999399999999999864e-05 2.983199999999999763e-04
2.006599999999999728e-05 2.940600000000000137e-04
2.013800000000000269e-05 2.897900000000000020e-04
2.021100000000000012e-05 2.855000000000000007e-04
2.028399999999999756e-05 2.812000000000000046e-04
2.035699999999999839e-05 2.768800000000000189e-04
2.042999999999999921e-05 2.725499999999999841e-04
2.050300000000000004e-05 2.682000000000000139e-04
2.057700000000000306e-05 2.638399999999999947e-04
2.065099999999999930e-05 2.582700000000000056e-04
2.072500000000000232e-05 2.521000000000000020e-04
2.080000000000000075e-05 2.459000000000000140e-04
2.087499999999999919e-05 2.396900000000000040e-04
2.094999999999999762e-05 2.334500000000000095e-04
2.102499999999999945e-05 2.272900000000000007e-04
2.110100000000000007e-05 2.213700000000000032e-04
2.117700000000000070e-05 2.154299999999999889e-04
2.125300000000000133e-05 2.094700000000000121e-04
2.132900000000000196e-05 2.034899999999999914e-04
2.140599999999999800e-05 1.974900000000000082e-04
2.148300000000000082e-05 1.914600000000000134e-04
2.156000000000000025e-05 1.879899999999999941e-04
2.163800000000000188e-05 1.849499999999999961e-04
2.171600000000000011e-05 1.818900000000000085e-04
2.179400000000000174e-05 1.788199999999999989e-04
2.187199999999999998e-05 1.757499999999999893e-04
2.195100000000000041e-05 1.726599999999999901e-04
2.203000000000000083e-05 1.695599999999999961e-04
2.210900000000000126e-05 1.664500000000000072e-04
2.218900000000000050e-05 1.633200000000000016e-04
2.226800000000000093e-05 1.613709999999999971e-04
2.234899999999999897e-05 1.622310000000000126e-04
2.242899999999999820e-05 1.630819999999999948e-04
2.251000000000000302e-05 1.639450000000000033e-04
2.259100000000000105e-05 1.648099999999999891e-04
2.267199999999999909e-05 1.656759999999999906e-04
2.275300000000000052e-05 1.665430000000000079e-04
2.283500000000000075e-05 1.674230000000000130e-04
2.291700000000000098e-05 1.683040000000000068e-04
2.300000000000000002e-05 1.691979999999999884e-04
2.308299999999999905e-05 1.700919999999999971e-04
2.316600000000000148e-05 1.709889999999999988e-04
2.324899999999999713e-05 1.718860000000000006e-04
2.333299999999999835e-05 1.727970000000000059e-04
2.341600000000000078e-05 1.736970000000000007e-04
2.350100000000000081e-05 1.746209999999999939e-04
2.358500000000000204e-05 1.755360000000000080e-04
2.367000000000000207e-05 1.764629999999999942e-04
2.375499999999999872e-05 1.773920000000000119e-04
2.384100000000000094e-05 1.783330000000000017e-04
2.392599999999999759e-05 1.792650000000000124e-04
2.401199999999999982e-05 1.802089999999999953e-04
2.409900000000000085e-05 1.811659999999999931e-04
2.418599999999999849e-05 1.821249999999999952e-04
2.427299999999999952e-05 1.830850000000000131e-04
2.436000000000000055e-05 1.840459999999999926e-04
2.444699999999999819e-05 1.850099999999999922e-04
2.453500000000000141e-05 1.859859999999999910e-04
2.462400000000000005e-05 1.869739999999999889e-04
2.471199999999999989e-05 1.879539999999999965e-04
2.480099999999999853e-05 1.889460000000000033e-04
2.489000000000000056e-05 1.899389999999999987e-04
2.498000000000000139e-05 1.909459999999999977e-04
2.506999999999999883e-05 1.919540000000000124e-04
2.515999999999999967e-05 1.929640000000000044e-04
2.525000000000000050e-05 1.939760000000000009e-04
2.534100000000000014e-05 1.949999999999999965e-04
2.543199999999999977e-05 1.960259999999999965e-04
2.552400000000000160e-05 1.970660000000000001e-04
2.561600000000000004e-05 1.981069999999999923e-04
2.570799999999999849e-05 1.991490000000000003e-04
2.580000000000000031e-05 2.001940000000000013e-04
2.589300000000000095e-05 2.012510000000000015e-04
2.598600000000000158e-05 2.023109999999999947e-04
2.607999999999999763e-05 2.033829999999999872e-04
2.617400000000000046e-05 2.044579999999999998e-04
2.626799999999999990e-05 2.055340000000000010e-04
2.636199999999999934e-05 2.066120000000000066e-04
2.645700000000000097e-05 2.077030000000000000e-04
2.655199999999999921e-05 2.087959999999999979e-04
2.664799999999999965e-05 2.099020000000000107e-04
2.674400000000000009e-05 2.110100000000000007e-04
2.684000000000000052e-05 2.121199999999999952e-04
2.693600000000000096e-05 2.132319999999999940e-04
2.703300000000000020e-05 2.143570000000000078e-04
2.712999999999999944e-05 2.154849999999999875e-04
2.722800000000000087e-05 2.166249999999999936e-04
2.732599999999999892e-05 2.177679999999999926e-04
2.742400000000000035e-05 2.189129999999999960e-04
2.752300000000000059e-05 2.200709999999999873e-04
2.762200000000000083e-05 2.212310000000000101e-04
2.772100000000000107e-05 2.223930000000000102e-04
2.782100000000000011e-05 2.235689999999999867e-04
2.792099999999999915e-05 2.247460000000000061e-04
2.802199999999999700e-05 2.259379999999999906e-04
2.812199999999999943e-05 2.271189999999999917e-04
2.822399999999999947e-05 2.283270000000000113e-04
2.832500000000000070e-05 2.295239999999999932e-04
2.842700000000000074e-05 2.307350000000000058e-04
2.852900000000000078e-05 2.319490000000000115e-04
2.863200000000000302e-05 2.331760000000000050e-04
2.873499999999999847e-05 2.344050000000000029e-04
2.883800000000000070e-05 2.356369999999999938e-04
2.894200000000000174e-05 2.368819999999999997e-04
2.904599999999999939e-05 2.381299999999999986e-04
2.914999999999999704e-05 2.393790000000000132e-04
2.925500000000000027e-05 2.406429999999999930e-04
2.936100000000000230e-05 2.419210000000000034e-04
2.946600000000000215e-05 2.431880000000000033e-04
2.957200000000000079e-05 2.444710000000000112e-04
2.967899999999999824e-05 2.457669999999999798e-04
2.978500000000000028e-05 2.470530000000000078e-04
2.989200000000000112e-05 2.483540000000000010e-04
3.000000000000000076e-05 2.496689999999999977e-04
