2.510000000000000109e-07 1.704599999999999893e+00
2.525100000000000290e-07 1.720599999999999907e+00
2.540299999999999526e-07 1.736699999999999910e+00
2.555599999999999935e-07 1.752899999999999903e+00
2.570899999999999814e-07 1.769200000000000106e+00
2.586399999999999919e-07 1.785600000000000076e+00
2.601900000000000025e-07 1.806300000000000017e+00
2.617599999999999828e-07 1.857799999999999896e+00
2.633300000000000161e-07 1.909599999999999964e+00
2.649099999999999548e-07 1.961699999999999999e+00
2.665100000000000220e-07 2.014100000000000001e+00
2.681100000000000364e-07 2.066800000000000193e+00
2.697200000000000091e-07 2.119899999999999896e+00
2.713400000000000461e-07 2.253099999999999881e+00
2.729799999999999999e-07 2.403700000000000170e+00
2.746199999999999537e-07 2.555200000000000138e+00
2.762700000000000247e-07 2.707599999999999785e+00
2.779300000000000012e-07 2.860899999999999999e+00
2.795999999999999890e-07 3.015200000000000102e+00
2.812799999999999882e-07 3.228200000000000180e+00
2.829699999999999987e-07 3.460599999999999898e+00
2.846799999999999789e-07 3.694399999999999906e+00
2.863899999999999592e-07 3.929600000000000204e+00
2.881099999999999508e-07 4.166199999999999903e+00
2.898400000000000066e-07 4.404200000000000337e+00
2.915800000000000209e-07 4.525699999999999612e+00
2.933400000000000049e-07 4.635900000000000354e+00
2.950999999999999889e-07 4.746900000000000119e+00
2.968799999999999955e-07 4.858500000000000263e+00
2.986600000000000022e-07 4.970799999999999663e+00
3.004599999999999786e-07 5.055900000000000283e+00
3.022599999999999550e-07 5.059300000000000352e+00
3.040800000000000071e-07 5.062800000000000189e+00
3.059100000000000175e-07 5.066200000000000259e+00
3.077500000000000393e-07 5.069700000000000095e+00
3.095999999999999665e-07 5.073199999999999932e+00
3.114600000000000110e-07 5.078100000000000058e+00
3.133300000000000138e-07 5.083300000000000374e+00
3.152199999999999864e-07 5.088599999999999568e+00
3.171100000000000119e-07 5.093899999999999650e+00
3.190200000000000072e-07 5.099300000000000388e+00
3.209400000000000138e-07 5.109200000000000408e+00
3.228699999999999788e-07 5.124100000000000321e+00
3.248100000000000081e-07 5.139000000000000234e+00
3.267599999999999958e-07 5.154099999999999682e+00
3.287300000000000061e-07 5.169200000000000017e+00
3.307000000000000165e-07 5.187000000000000277e+00
3.326899999999999966e-07 5.209699999999999775e+00
3.346899999999999880e-07 5.232499999999999929e+00
3.367100000000000021e-07 5.255499999999999616e+00
3.387299999999999633e-07 5.278500000000000192e+00
3.407700000000000001e-07 5.307599999999999874e+00
3.428199999999999953e-07 5.346499999999999808e+00
3.448800000000000018e-07 5.385699999999999932e+00
3.469499999999999668e-07 5.425099999999999589e+00
3.490400000000000073e-07 5.464699999999999669e+00
3.511400000000000063e-07 5.543400000000000105e+00
3.532500000000000166e-07 5.655499999999999972e+00
3.553700000000000382e-07 5.768299999999999983e+00
3.575099999999999766e-07 5.881800000000000139e+00
3.596599999999999793e-07 5.995899999999999785e+00
3.618199999999999934e-07 6.168700000000000294e+00
3.639999999999999772e-07 6.353399999999999714e+00
3.661900000000000252e-07 6.539200000000000124e+00
3.683899999999999788e-07 6.726200000000000401e+00
3.705999999999999966e-07 6.844000000000000306e+00
3.728299999999999841e-07 6.773799999999999599e+00
3.750700000000000359e-07 6.703199999999999825e+00
3.773300000000000046e-07 6.632100000000000328e+00
3.795999999999999845e-07 6.560699999999999754e+00
3.818799999999999758e-07 6.440400000000000347e+00
3.841800000000000427e-07 6.309099999999999930e+00
3.864900000000000151e-07 6.176899999999999835e+00
3.888099999999999988e-07 6.043999999999999595e+00
3.911500000000000052e-07 5.931300000000000239e+00
3.935000000000000230e-07 5.839800000000000324e+00
3.958700000000000104e-07 5.747799999999999798e+00
3.982500000000000092e-07 5.655199999999999783e+00
4.006400000000000194e-07 5.568900000000000183e+00
4.030499999999999993e-07 5.501000000000000334e+00
4.054699999999999905e-07 5.432599999999999874e+00
4.079100000000000044e-07 5.363900000000000112e+00
4.103699999999999881e-07 5.297200000000000131e+00
4.128299999999999717e-07 5.244399999999999729e+00
4.153200000000000423e-07 5.191200000000000259e+00
4.178100000000000070e-07 5.137800000000000367e+00
4.203300000000000058e-07 5.085600000000000342e+00
4.228500000000000045e-07 5.043599999999999639e+00
4.253999999999999843e-07 5.001400000000000290e+00
4.279500000000000171e-07 4.958999999999999631e+00
4.305300000000000309e-07 4.918000000000000149e+00
4.331200000000000032e-07 4.883899999999999686e+00
4.357199999999999868e-07 4.849499999999999922e+00
4.383399999999999930e-07 4.814899999999999736e+00
4.409799999999999690e-07 4.781600000000000072e+00
4.436300000000000093e-07 4.750600000000000378e+00
4.462900000000000080e-07 4.719400000000000261e+00
4.489799999999999877e-07 4.687999999999999723e+00
4.516800000000000317e-07 4.659399999999999764e+00
4.543900000000000342e-07 4.632500000000000284e+00
4.571299999999999647e-07 4.605400000000000382e+00
4.598800000000000125e-07 4.578199999999999825e+00
4.626400000000000187e-07 4.554299999999999571e+00
4.654199999999999946e-07 4.530400000000000205e+00
4.682200000000000462e-07 4.506300000000000416e+00
4.710400000000000145e-07 4.483200000000000074e+00
4.738699999999999942e-07 4.461999999999999744e+00
4.767199999999999966e-07 4.440599999999999881e+00
4.795800000000000103e-07 4.419100000000000250e+00
4.824700000000000580e-07 4.399200000000000443e+00
4.853700000000000641e-07 4.379500000000000171e+00
4.882899999999999870e-07 4.359600000000000364e+00
4.912199999999999742e-07 4.341300000000000381e+00
4.941800000000000483e-07 4.325000000000000178e+00
4.971499999999999750e-07 4.308699999999999974e+00
5.001400000000000302e-07 4.292200000000000237e+00
5.031500000000000023e-07 4.275999999999999801e+00
5.061700000000000386e-07 4.259699999999999598e+00
5.092200000000000560e-07 4.243199999999999861e+00
5.122799999999999259e-07 4.228299999999999947e+00
5.153600000000000302e-07 4.213799999999999990e+00
5.184600000000000514e-07 4.199300000000000033e+00
5.215700000000000309e-07 4.185399999999999565e+00
5.247099999999999915e-07 4.172200000000000131e+00
5.278699999999999748e-07 4.158999999999999808e+00
5.310399999999999165e-07 4.145800000000000374e+00
5.342299999999999868e-07 4.133099999999999774e+00
5.374499999999999322e-07 4.120199999999999640e+00
5.406800000000000478e-07 4.107800000000000118e+00
5.439299999999999744e-07 4.097000000000000419e+00
5.472000000000000294e-07 4.086199999999999832e+00
5.504900000000000013e-07 4.075400000000000134e+00
5.537999999999999959e-07 4.064499999999999780e+00
5.571300000000000131e-07 4.053499999999999659e+00
5.604799999999999472e-07 4.042600000000000193e+00
5.638500000000000098e-07 4.032799999999999940e+00
5.672399999999999892e-07 4.022999999999999687e+00
5.706499999999999913e-07 4.013099999999999667e+00
5.740800000000000160e-07 4.003199999999999648e+00
5.775299999999999576e-07 3.993199999999999861e+00
5.810099999999999861e-07 3.983600000000000030e+00
5.844999999999999730e-07 3.975200000000000067e+00
5.880199999999999410e-07 3.966800000000000104e+00
5.915499999999999733e-07 3.958400000000000141e+00
5.951099999999999866e-07 3.950299999999999923e+00
5.986900000000000227e-07 3.942000000000000171e+00
6.022899999999999755e-07 3.933699999999999974e+00
6.059099999999999510e-07 3.925399999999999778e+00
6.095500000000000551e-07 3.916999999999999815e+00
6.132200000000000343e-07 3.909199999999999786e+00
6.168999999999999720e-07 3.901499999999999968e+00
6.206099999999999966e-07 3.894000000000000128e+00
6.243500000000000023e-07 3.887999999999999901e+00
6.280999999999999664e-07 3.882000000000000117e+00
6.318800000000000174e-07 3.875599999999999934e+00
6.356799999999999853e-07 3.868799999999999795e+00
6.394999999999999758e-07 3.861899999999999888e+00
6.433399999999999890e-07 3.855300000000000171e+00
6.472099999999999833e-07 3.848700000000000010e+00
6.511000000000000003e-07 3.842499999999999805e+00
6.550199999999999983e-07 3.837000000000000188e+00
6.589600000000000191e-07 3.831500000000000128e+00
6.629199999999999566e-07 3.825600000000000112e+00
6.669099999999999811e-07 3.819599999999999884e+00
6.709199999999999223e-07 3.813600000000000101e+00
6.749500000000000980e-07 3.807599999999999874e+00
6.790100000000000431e-07 3.801499999999999879e+00
6.830900000000000108e-07 3.795999999999999819e+00
6.872000000000000655e-07 3.790599999999999969e+00
6.913300000000000369e-07 3.785299999999999887e+00
6.954900000000000954e-07 3.779900000000000038e+00
6.996699999999999647e-07 3.774399999999999977e+00
7.038799999999999210e-07 3.769299999999999873e+00
7.081100000000000059e-07 3.764299999999999979e+00
7.123699999999999659e-07 3.759399999999999853e+00
7.166500000000000545e-07 3.754700000000000149e+00
7.209600000000000184e-07 3.750000000000000000e+00
7.252999999999999633e-07 3.745699999999999807e+00
7.296599999999999308e-07 3.741299999999999848e+00
7.340499999999999854e-07 3.737400000000000055e+00
7.384599999999999567e-07 3.733400000000000052e+00
7.429000000000000150e-07 3.729400000000000048e+00
7.473699999999999485e-07 3.725400000000000045e+00
7.518600000000000105e-07 3.721299999999999830e+00
7.563800000000000536e-07 3.717299999999999827e+00
7.609299999999999720e-07 3.713200000000000056e+00
7.655099999999999772e-07 3.709000000000000075e+00
7.701100000000000052e-07 3.704899999999999860e+00
7.747400000000000142e-07 3.700699999999999878e+00
7.794000000000000043e-07 3.696499999999999897e+00
7.840800000000000171e-07 3.692699999999999871e+00
7.887999999999999694e-07 3.689000000000000057e+00
7.935400000000000502e-07 3.685500000000000220e+00
7.983100000000000062e-07 3.682199999999999918e+00
8.031099999999999433e-07 3.678799999999999848e+00
8.079399999999999674e-07 3.675399999999999778e+00
8.127999999999999725e-07 3.672299999999999898e+00
8.176900000000000646e-07 3.669399999999999995e+00
8.226099999999999260e-07 3.666399999999999881e+00
8.275500000000000219e-07 3.663499999999999979e+00
8.325299999999999513e-07 3.660499999999999865e+00
8.375300000000000094e-07 3.657500000000000195e+00
8.425700000000000068e-07 3.654500000000000082e+00
8.476399999999999854e-07 3.651400000000000201e+00
8.527299999999999866e-07 3.648400000000000087e+00
8.578599999999999274e-07 3.645300000000000207e+00
8.630200000000000609e-07 3.642199999999999882e+00
8.682100000000000697e-07 3.639100000000000001e+00
8.734300000000000595e-07 3.635899999999999910e+00
8.786800000000000304e-07 3.632800000000000029e+00
8.839700000000000467e-07 3.629599999999999937e+00
8.892799999999999797e-07 3.626399999999999846e+00
8.946300000000000641e-07 3.623200000000000198e+00
9.000100000000000236e-07 3.620000000000000107e+00
9.054199999999999641e-07 3.616699999999999804e+00
9.108599999999999917e-07 3.613500000000000156e+00
9.163400000000000646e-07 3.610199999999999854e+00
9.218499999999999068e-07 3.606899999999999995e+00
9.273900000000000477e-07 3.603600000000000136e+00
9.329699999999999164e-07 3.600499999999999812e+00
9.385799999999999778e-07 3.597700000000000120e+00
9.442199999999999145e-07 3.594899999999999984e+00
9.499000000000000024e-07 3.592000000000000082e+00
9.556099999999998597e-07 3.589199999999999946e+00
9.613599999999999740e-07 3.586300000000000043e+00
9.671400000000000695e-07 3.583400000000000141e+00
9.729599999999999985e-07 3.580799999999999983e+00
9.788099999999999086e-07 3.578500000000000014e+00
9.846900000000000115e-07 3.576099999999999834e+00
9.906099999999999481e-07 3.573799999999999866e+00
9.965699999999999300e-07 3.571400000000000130e+00
1.002599999999999938e-06 3.568999999999999950e+00
1.008599999999999966e-06 3.566600000000000215e+00
1.014700000000000000e-06 3.564599999999999991e+00
1.020800000000000035e-06 3.562800000000000189e+00
1.026899999999999858e-06 3.560900000000000176e+00
1.033099999999999900e-06 3.559099999999999930e+00
1.039299999999999943e-06 3.557199999999999918e+00
1.045500000000000197e-06 3.555299999999999905e+00
1.051800000000000035e-06 3.553500000000000103e+00
1.058100000000000085e-06 3.551600000000000090e+00
1.064499999999999930e-06 3.549599999999999866e+00
1.070899999999999987e-06 3.547800000000000065e+00
1.077299999999999833e-06 3.546499999999999986e+00
1.083800000000000110e-06 3.545199999999999907e+00
1.090299999999999963e-06 3.543899999999999828e+00
1.096900000000000035e-06 3.541900000000000048e+00
1.103499999999999896e-06 3.540299999999999780e+00
1.110100000000000180e-06 3.539000000000000146e+00
1.116800000000000048e-06 3.537599999999999856e+00
1.123499999999999916e-06 3.535899999999999821e+00
1.130300000000000003e-06 3.533900000000000041e+00
1.137100000000000091e-06 3.532599999999999962e+00
1.143899999999999966e-06 3.531200000000000117e+00
1.150800000000000061e-06 3.529799999999999827e+00
1.157699999999999944e-06 3.528500000000000192e+00
1.164700000000000047e-06 3.527099999999999902e+00
1.171699999999999937e-06 3.525700000000000056e+00
1.178700000000000040e-06 3.524300000000000210e+00
1.185799999999999938e-06 3.522800000000000153e+00
1.192900000000000048e-06 3.521399999999999864e+00
1.200099999999999953e-06 3.520099999999999785e+00
1.207300000000000071e-06 3.525900000000000034e+00
1.214599999999999984e-06 3.522499999999999964e+00
1.221899999999999897e-06 3.515800000000000036e+00
1.229200000000000022e-06 3.515099999999999891e+00
1.236599999999999943e-06 3.513700000000000045e+00
1.244100000000000083e-06 3.512199999999999989e+00
1.251500000000000003e-06 3.510800000000000143e+00
1.259100000000000151e-06 3.510099999999999998e+00
1.266599999999999867e-06 3.508700000000000152e+00
1.274300000000000022e-06 3.507600000000000051e+00
1.281899999999999958e-06 3.506800000000000139e+00
1.289600000000000113e-06 3.505999999999999783e+00
1.297400000000000063e-06 3.504500000000000171e+00
1.305200000000000014e-06 3.503499999999999837e+00
1.312999999999999965e-06 3.502400000000000180e+00
1.320899999999999923e-06 3.500900000000000123e+00
1.328899999999999889e-06 3.500100000000000211e+00
1.336900000000000066e-06 3.498600000000000154e+00
1.344900000000000032e-06 3.497500000000000053e+00
1.353000000000000005e-06 3.496700000000000141e+00
1.361099999999999979e-06 3.495899999999999785e+00
1.369299999999999960e-06 3.495099999999999874e+00
1.377499999999999940e-06 3.493500000000000050e+00
1.385799999999999929e-06 3.492399999999999949e+00
1.394200000000000136e-06 3.491600000000000037e+00
1.402500000000000124e-06 3.490699999999999914e+00
1.411000000000000128e-06 3.489900000000000002e+00
1.419499999999999919e-06 3.489100000000000090e+00
1.427999999999999923e-06 3.488199999999999967e+00
1.436600000000000145e-06 3.487299999999999844e+00
1.445199999999999944e-06 3.486499999999999932e+00
1.453899999999999963e-06 3.485599999999999810e+00
1.462599999999999981e-06 3.484799999999999898e+00
1.471400000000000007e-06 3.483999999999999986e+00
1.480300000000000040e-06 3.483200000000000074e+00
1.489200000000000074e-06 3.482400000000000162e+00
1.498099999999999895e-06 3.481500000000000039e+00
1.507200000000000155e-06 3.480700000000000127e+00
1.516199999999999985e-06 3.479900000000000215e+00
1.525300000000000033e-06 3.479000000000000092e+00
1.534499999999999877e-06 3.478099999999999969e+00
1.543700000000000145e-06 3.477100000000000080e+00
1.552999999999999996e-06 3.476100000000000190e+00
1.562400000000000067e-06 3.475099999999999856e+00
1.571700000000000131e-06 3.474099999999999966e+00
1.581199999999999997e-06 3.472999999999999865e+00
1.590700000000000076e-06 3.471999999999999975e+00
1.600299999999999950e-06 3.471000000000000085e+00
1.609900000000000036e-06 3.470299999999999940e+00
1.619599999999999918e-06 3.469700000000000006e+00
1.629300000000000011e-06 3.468999999999999861e+00
1.639099999999999901e-06 3.468300000000000161e+00
1.649000000000000009e-06 3.467600000000000016e+00
1.658900000000000118e-06 3.467000000000000082e+00
1.668900000000000022e-06 3.466299999999999937e+00
1.678900000000000138e-06 3.465599999999999792e+00
1.689000000000000050e-06 3.464900000000000091e+00
1.699099999999999961e-06 3.464199999999999946e+00
1.709400000000000100e-06 3.463600000000000012e+00
1.719600000000000019e-06 3.462899999999999867e+00
1.729999999999999953e-06 3.462200000000000166e+00
1.740399999999999888e-06 3.461599999999999788e+00
1.750799999999999822e-06 3.460900000000000087e+00
1.761399999999999983e-06 3.460300000000000153e+00
1.771999999999999933e-06 3.459600000000000009e+00
1.782599999999999882e-06 3.458899999999999864e+00
1.793299999999999839e-06 3.458200000000000163e+00
1.804100000000000015e-06 3.457599999999999785e+00
1.814999999999999987e-06 3.457100000000000062e+00
1.825900000000000170e-06 3.456700000000000106e+00
1.836899999999999938e-06 3.456199999999999939e+00
1.847900000000000129e-06 3.455700000000000216e+00
1.858999999999999904e-06 3.455200000000000049e+00
1.870200000000000110e-06 3.454699999999999882e+00
1.881399999999999893e-06 3.454200000000000159e+00
1.892800000000000114e-06 3.453699999999999992e+00
1.904099999999999904e-06 3.453199999999999825e+00
1.915599999999999921e-06 3.452700000000000102e+00
1.927100000000000150e-06 3.452199999999999935e+00
1.938700000000000175e-06 3.451700000000000212e+00
1.950399999999999995e-06 3.451200000000000045e+00
1.962099999999999815e-06 3.450699999999999878e+00
1.973899999999999854e-06 3.450099999999999945e+00
1.985800000000000113e-06 3.449600000000000222e+00
1.997699999999999948e-06 3.449100000000000055e+00
2.009700000000000003e-06 3.448900000000000077e+00
2.021799999999999853e-06 3.448700000000000099e+00
2.033900000000000127e-06 3.448599999999999888e+00
2.046199999999999992e-06 3.448399999999999910e+00
2.058499999999999858e-06 3.448300000000000143e+00
2.070899999999999942e-06 3.448100000000000165e+00
2.083300000000000027e-06 3.447900000000000187e+00
2.095799999999999907e-06 3.447799999999999976e+00
2.108400000000000007e-06 3.447599999999999998e+00
2.121100000000000326e-06 3.447400000000000020e+00
2.133900000000000017e-06 3.447299999999999809e+00
2.146700000000000131e-06 3.447099999999999831e+00
2.159600000000000042e-06 3.447000000000000064e+00
2.172600000000000171e-06 3.446800000000000086e+00
2.185700000000000097e-06 3.446600000000000108e+00
2.198800000000000022e-06 3.446499999999999897e+00
2.212000000000000167e-06 3.446299999999999919e+00
2.225299999999999684e-06 3.446099999999999941e+00
2.238700000000000267e-06 3.445899999999999963e+00
2.252200000000000222e-06 3.445800000000000196e+00
2.265699999999999754e-06 3.445600000000000218e+00
2.279299999999999929e-06 3.445399999999999796e+00
2.293000000000000323e-06 3.445199999999999818e+00
2.306800000000000089e-06 3.445100000000000051e+00
2.320700000000000075e-06 3.444900000000000073e+00
2.334700000000000279e-06 3.444700000000000095e+00
2.348700000000000061e-06 3.444500000000000117e+00
2.362800000000000061e-06 3.444399999999999906e+00
2.376999999999999857e-06 3.444199999999999928e+00
2.391300000000000297e-06 3.443999999999999950e+00
2.405700000000000108e-06 3.443799999999999972e+00
2.420199999999999715e-06 3.443599999999999994e+00
2.434699999999999746e-06 3.443400000000000016e+00
2.449399999999999791e-06 3.443200000000000038e+00
2.464100000000000260e-06 3.443000000000000060e+00
2.478899999999999678e-06 3.442699999999999871e+00
2.493799999999999739e-06 3.442499999999999893e+00
2.508800000000000019e-06 3.442299999999999915e+00
2.523899999999999671e-06 3.442099999999999937e+00
2.539099999999999966e-06 3.441800000000000193e+00
2.554299999999999837e-06 3.441600000000000215e+00
2.569700000000000147e-06 3.441399999999999793e+00
2.585100000000000033e-06 3.441199999999999815e+00
2.600699999999999935e-06 3.440900000000000070e+00
2.616299999999999836e-06 3.440700000000000092e+00
2.632099999999999753e-06 3.440500000000000114e+00
2.647900000000000093e-06 3.440300000000000136e+00
2.663800000000000229e-06 3.439999999999999947e+00
2.679800000000000160e-06 3.439799999999999969e+00
2.695899999999999887e-06 3.439599999999999991e+00
2.712099999999999834e-06 3.439299999999999802e+00
2.728499999999999796e-06 3.439099999999999824e+00
2.744899999999999757e-06 3.439000000000000057e+00
2.761399999999999938e-06 3.438800000000000079e+00
2.777999999999999915e-06 3.438600000000000101e+00
2.794700000000000110e-06 3.438400000000000123e+00
2.811500000000000102e-06 3.438200000000000145e+00
2.828399999999999889e-06 3.438000000000000167e+00
2.845400000000000320e-06 3.437800000000000189e+00
2.862499999999999698e-06 3.437600000000000211e+00
2.879700000000000144e-06 3.437399999999999789e+00
2.896999999999999961e-06 3.437300000000000022e+00
2.914499999999999793e-06 3.437100000000000044e+00
2.932000000000000049e-06 3.436900000000000066e+00
2.949600000000000101e-06 3.436700000000000088e+00
2.967299999999999949e-06 3.436500000000000110e+00
2.985199999999999811e-06 3.436300000000000132e+00
3.003099999999999674e-06 3.436100000000000154e+00
3.021199999999999975e-06 3.435900000000000176e+00
3.039400000000000071e-06 3.435799999999999965e+00
3.057599999999999745e-06 3.435599999999999987e+00
3.075999999999999857e-06 3.435400000000000009e+00
3.094500000000000188e-06 3.435299999999999798e+00
3.113100000000000315e-06 3.435099999999999820e+00
3.131800000000000237e-06 3.435000000000000053e+00
3.150700000000000175e-06 3.434800000000000075e+00
3.169600000000000112e-06 3.434600000000000097e+00
3.188700000000000065e-06 3.434499999999999886e+00
3.207899999999999813e-06 3.434299999999999908e+00
3.227099999999999985e-06 3.434200000000000141e+00
3.246500000000000172e-06 3.434000000000000163e+00
3.266099999999999951e-06 3.433800000000000185e+00
3.285699999999999729e-06 3.433699999999999974e+00
3.305499999999999946e-06 3.433499999999999996e+00
3.325299999999999740e-06 3.433300000000000018e+00
3.345299999999999972e-06 3.433199999999999807e+00
3.365499999999999795e-06 3.433100000000000041e+00
3.385700000000000042e-06 3.432900000000000063e+00
3.406099999999999881e-06 3.432799999999999851e+00
3.426499999999999719e-06 3.432599999999999874e+00
3.447099999999999997e-06 3.432500000000000107e+00
3.467900000000000289e-06 3.432300000000000129e+00
3.488700000000000157e-06 3.432199999999999918e+00
3.509700000000000041e-06 3.431999999999999940e+00
3.530800000000000144e-06 3.431900000000000173e+00
3.552000000000000043e-06 3.431799999999999962e+00
3.573399999999999956e-06 3.431700000000000195e+00
3.594900000000000089e-06 3.431599999999999984e+00
3.616500000000000018e-06 3.431500000000000217e+00
3.638199999999999742e-06 3.431400000000000006e+00
3.660099999999999905e-06 3.431200000000000028e+00
3.682100000000000288e-06 3.431099999999999817e+00
3.704299999999999838e-06 3.431000000000000050e+00
3.726500000000000235e-06 3.430899999999999839e+00
3.748899999999999801e-06 3.430800000000000072e+00
3.771500000000000228e-06 3.430600000000000094e+00
3.794200000000000028e-06 3.430499999999999883e+00
3.817000000000000046e-06 3.430400000000000116e+00
3.839900000000000285e-06 3.430299999999999905e+00
3.863000000000000114e-06 3.430099999999999927e+00
3.886299999999999535e-06 3.430000000000000160e+00
3.909599999999999804e-06 3.429899999999999949e+00
3.933099999999999663e-06 3.429800000000000182e+00
3.956799999999999962e-06 3.429600000000000204e+00
3.980599999999999632e-06 3.429499999999999993e+00
4.004500000000000369e-06 3.429399999999999782e+00
4.028599999999999850e-06 3.429300000000000015e+00
4.052800000000000398e-06 3.429199999999999804e+00
4.077200000000000537e-06 3.429100000000000037e+00
4.101700000000000048e-06 3.429100000000000037e+00
4.126399999999999998e-06 3.428999999999999826e+00
4.151200000000000167e-06 3.428900000000000059e+00
4.176099999999999708e-06 3.428799999999999848e+00
4.201199999999999688e-06 3.428700000000000081e+00
4.226500000000000107e-06 3.428700000000000081e+00
4.251899999999999897e-06 3.428599999999999870e+00
4.277500000000000127e-06 3.428500000000000103e+00
4.303200000000000575e-06 3.428399999999999892e+00
4.329100000000000615e-06 3.428300000000000125e+00
4.355100000000000027e-06 3.428199999999999914e+00
4.381300000000000725e-06 3.428100000000000147e+00
4.407600000000000795e-06 3.428100000000000147e+00
4.434199999999999829e-06 3.427999999999999936e+00
4.460799999999999710e-06 3.427900000000000169e+00
4.487599999999999182e-06 3.427799999999999958e+00
4.514599999999999940e-06 3.427700000000000191e+00
4.541800000000000290e-06 3.427599999999999980e+00
4.569100000000000011e-06 3.427500000000000213e+00
4.596599999999999325e-06 3.427400000000000002e+00
4.624199999999999704e-06 3.427299999999999791e+00
4.652000000000000522e-06 3.427200000000000024e+00
4.680000000000000085e-06 3.427200000000000024e+00
4.708099999999999866e-06 3.427099999999999813e+00
4.736400000000000087e-06 3.427000000000000046e+00
4.764899999999999899e-06 3.426899999999999835e+00
4.793599999999999302e-06 3.426800000000000068e+00
4.822399999999999772e-06 3.426699999999999857e+00
4.851399999999999833e-06 3.426600000000000090e+00
4.880499999999999266e-06 3.426499999999999879e+00
4.909900000000000204e-06 3.426400000000000112e+00
4.939399999999999668e-06 3.426299999999999901e+00
4.969100000000000417e-06 3.426200000000000134e+00
4.998999999999999910e-06 3.426099999999999923e+00
5.000000000000000409e-06 3.426099999999999923e+00
5.018000000000000067e-06 3.426099999999999923e+00
5.035999999999999726e-06 3.426000000000000156e+00
5.054199999999999822e-06 3.426000000000000156e+00
5.072300000000000547e-06 3.426000000000000156e+00
5.090600000000000016e-06 3.425899999999999945e+00
5.108900000000000332e-06 3.425899999999999945e+00
5.127300000000000020e-06 3.425899999999999945e+00
5.145699999999999709e-06 3.425800000000000178e+00
5.164200000000000463e-06 3.425800000000000178e+00
5.182800000000000590e-06 3.425800000000000178e+00
5.201399999999999870e-06 3.425699999999999967e+00
5.220200000000000435e-06 3.425699999999999967e+00
5.238899999999999934e-06 3.425600000000000200e+00
5.257799999999999872e-06 3.425600000000000200e+00
5.276699999999999810e-06 3.425600000000000200e+00
5.295699999999999967e-06 3.425499999999999989e+00
5.314700000000000123e-06 3.425499999999999989e+00
5.333800000000000500e-06 3.425499999999999989e+00
5.352999999999999401e-06 3.425399999999999778e+00
5.372300000000000216e-06 3.425399999999999778e+00
5.391600000000000183e-06 3.425399999999999778e+00
5.410999999999999523e-06 3.425300000000000011e+00
5.430499999999999929e-06 3.425300000000000011e+00
5.450000000000000336e-06 3.425199999999999800e+00
5.469600000000000114e-06 3.425199999999999800e+00
5.489300000000000112e-06 3.425199999999999800e+00
5.509000000000000110e-06 3.425100000000000033e+00
5.528800000000000327e-06 3.425100000000000033e+00
5.548699999999999916e-06 3.425100000000000033e+00
5.568699999999999724e-06 3.424999999999999822e+00
5.588700000000000380e-06 3.424999999999999822e+00
5.608799999999999561e-06 3.424900000000000055e+00
5.628999999999999808e-06 3.424900000000000055e+00
5.649200000000000055e-06 3.424900000000000055e+00
5.669599999999999893e-06 3.424799999999999844e+00
5.690000000000000579e-06 3.424799999999999844e+00
5.710399999999999570e-06 3.424799999999999844e+00
5.730999999999999848e-06 3.424700000000000077e+00
5.751600000000000125e-06 3.424700000000000077e+00
5.772300000000000621e-06 3.424599999999999866e+00
5.793000000000000270e-06 3.424599999999999866e+00
5.813900000000000358e-06 3.424599999999999866e+00
5.834800000000000446e-06 3.424500000000000099e+00
5.855800000000000753e-06 3.424500000000000099e+00
5.876800000000000213e-06 3.424399999999999888e+00
5.897999999999999265e-06 3.424399999999999888e+00
5.919200000000000011e-06 3.424399999999999888e+00
5.940500000000000129e-06 3.424300000000000122e+00
5.961899999999999619e-06 3.424300000000000122e+00
5.983299999999999956e-06 3.424199999999999910e+00
6.004800000000000513e-06 3.424199999999999910e+00
6.026399999999999594e-06 3.424199999999999910e+00
6.048099999999999742e-06 3.424100000000000144e+00
6.069899999999999263e-06 3.424100000000000144e+00
6.091700000000000477e-06 3.424100000000000144e+00
6.113600000000000216e-06 3.424100000000000144e+00
6.135600000000000175e-06 3.424100000000000144e+00
6.157700000000000353e-06 3.423999999999999932e+00
6.179800000000000531e-06 3.423999999999999932e+00
6.202099999999999454e-06 3.423999999999999932e+00
6.224400000000000070e-06 3.423999999999999932e+00
6.246800000000000059e-06 3.423900000000000166e+00
6.269200000000000048e-06 3.423900000000000166e+00
6.291800000000000475e-06 3.423900000000000166e+00
6.314400000000000056e-06 3.423900000000000166e+00
6.337100000000000702e-06 3.423799999999999955e+00
6.359899999999999874e-06 3.423799999999999955e+00
6.382799999999999265e-06 3.423799999999999955e+00
6.405800000000000570e-06 3.423799999999999955e+00
6.428800000000000180e-06 3.423700000000000188e+00
6.451900000000000010e-06 3.423700000000000188e+00
6.475100000000000059e-06 3.423700000000000188e+00
6.498400000000000327e-06 3.423700000000000188e+00
6.521799999999999967e-06 3.423599999999999977e+00
6.545299999999999827e-06 3.423599999999999977e+00
6.568800000000000534e-06 3.423599999999999977e+00
6.592399999999999766e-06 3.423500000000000210e+00
6.616100000000000064e-06 3.423500000000000210e+00
6.639899999999999734e-06 3.423500000000000210e+00
6.663800000000000471e-06 3.423500000000000210e+00
6.687800000000000580e-06 3.423399999999999999e+00
6.711900000000000061e-06 3.423399999999999999e+00
6.735999999999999543e-06 3.423399999999999999e+00
6.760200000000000090e-06 3.423399999999999999e+00
6.784500000000000010e-06 3.423299999999999788e+00
6.809000000000000368e-06 3.423299999999999788e+00
6.833400000000000508e-06 3.423299999999999788e+00
6.857999999999999391e-06 3.423299999999999788e+00
6.882700000000000188e-06 3.423200000000000021e+00
6.907499999999999510e-06 3.423200000000000021e+00
6.932299999999999679e-06 3.423200000000000021e+00
6.957200000000000068e-06 3.423099999999999810e+00
6.982300000000000048e-06 3.423099999999999810e+00
7.007400000000000027e-06 3.423099999999999810e+00
7.032600000000000227e-06 3.423099999999999810e+00
7.057899999999999798e-06 3.423099999999999810e+00
7.083300000000000436e-06 3.423000000000000043e+00
7.108799999999999599e-06 3.423000000000000043e+00
7.134299999999999609e-06 3.423000000000000043e+00
7.160000000000000057e-06 3.423000000000000043e+00
7.185699999999999659e-06 3.423000000000000043e+00
7.211599999999999699e-06 3.423000000000000043e+00
7.237499999999999739e-06 3.422899999999999832e+00
7.263600000000000217e-06 3.422899999999999832e+00
7.289699999999999849e-06 3.422899999999999832e+00
7.315899999999999700e-06 3.422899999999999832e+00
7.342199999999999770e-06 3.422899999999999832e+00
7.368600000000000059e-06 3.422800000000000065e+00
7.395100000000000568e-06 3.422800000000000065e+00
7.421799999999999821e-06 3.422800000000000065e+00
7.448400000000000549e-06 3.422800000000000065e+00
7.475200000000000021e-06 3.422800000000000065e+00
7.502100000000000560e-06 3.422699999999999854e+00
7.529099999999999623e-06 3.422699999999999854e+00
7.556199999999999754e-06 3.422699999999999854e+00
7.583400000000000103e-06 3.422699999999999854e+00
7.610699999999999825e-06 3.422699999999999854e+00
7.638000000000000393e-06 3.422699999999999854e+00
7.665499999999999707e-06 3.422600000000000087e+00
7.693100000000000933e-06 3.422600000000000087e+00
7.720799999999998991e-06 3.422600000000000087e+00
7.748500000000000437e-06 3.422600000000000087e+00
7.776399999999998933e-06 3.422600000000000087e+00
7.804400000000001036e-06 3.422499999999999876e+00
7.832499999999999971e-06 3.422499999999999876e+00
7.860600000000000600e-06 3.422499999999999876e+00
7.888899999999999973e-06 3.422499999999999876e+00
7.917299999999999566e-06 3.422499999999999876e+00
7.945799999999999378e-06 3.422400000000000109e+00
7.974300000000000884e-06 3.422400000000000109e+00
8.002999999999999440e-06 3.422400000000000109e+00
8.031799999999999910e-06 3.422400000000000109e+00
8.060700000000000598e-06 3.422400000000000109e+00
8.089699999999999813e-06 3.422400000000000109e+00
8.118800000000000940e-06 3.422299999999999898e+00
8.147999999999998899e-06 3.422299999999999898e+00
8.177300000000000465e-06 3.422299999999999898e+00
8.206699999999998862e-06 3.422299999999999898e+00
8.236299999999999391e-06 3.422299999999999898e+00
8.265899999999999921e-06 3.422299999999999898e+00
8.295600000000000670e-06 3.422299999999999898e+00
8.325500000000000164e-06 3.422200000000000131e+00
8.355399999999999657e-06 3.422200000000000131e+00
8.385499999999999589e-06 3.422200000000000131e+00
8.415599999999999521e-06 3.422200000000000131e+00
8.445899999999999892e-06 3.422200000000000131e+00
8.476300000000000482e-06 3.422200000000000131e+00
8.506799999999999597e-06 3.422099999999999920e+00
8.537400000000000625e-06 3.422099999999999920e+00
8.568100000000000179e-06 3.422099999999999920e+00
8.598899999999999952e-06 3.422099999999999920e+00
8.629799999999999944e-06 3.422099999999999920e+00
8.660900000000000375e-06 3.422099999999999920e+00
8.692000000000000805e-06 3.422099999999999920e+00
8.723299999999999980e-06 3.422000000000000153e+00
8.754699999999999375e-06 3.422000000000000153e+00
8.786199999999998989e-06 3.422000000000000153e+00
8.817800000000000516e-06 3.422000000000000153e+00
8.849500000000000568e-06 3.422000000000000153e+00
8.881299999999999145e-06 3.422000000000000153e+00
8.913299999999999855e-06 3.421899999999999942e+00
8.945299999999998871e-06 3.421899999999999942e+00
8.977499999999998326e-06 3.421899999999999942e+00
9.009799999999999694e-06 3.421899999999999942e+00
9.042199999999999587e-06 3.421899999999999942e+00
9.074699999999999699e-06 3.421899999999999942e+00
9.107400000000000250e-06 3.421899999999999942e+00
9.140100000000000801e-06 3.421800000000000175e+00
9.173000000000000096e-06 3.421800000000000175e+00
9.205999999999999611e-06 3.421800000000000175e+00
9.239100000000001039e-06 3.421800000000000175e+00
9.272399999999999517e-06 3.421800000000000175e+00
9.305699999999999690e-06 3.421800000000000175e+00
9.339200000000000301e-06 3.421800000000000175e+00
9.372799999999999437e-06 3.421800000000000175e+00
9.406499999999998792e-06 3.421699999999999964e+00
9.440300000000000061e-06 3.421699999999999964e+00
9.474300000000000075e-06 3.421699999999999964e+00
9.508400000000000307e-06 3.421699999999999964e+00
9.542600000000000759e-06 3.421699999999999964e+00
9.576899999999999736e-06 3.421699999999999964e+00
9.611399999999999152e-06 3.421699999999999964e+00
9.645899999999998567e-06 3.421600000000000197e+00
9.680600000000000115e-06 3.421600000000000197e+00
9.715500000000000408e-06 3.421600000000000197e+00
9.750400000000000701e-06 3.421600000000000197e+00
9.785500000000001432e-06 3.421600000000000197e+00
9.820700000000000688e-06 3.421600000000000197e+00
9.856000000000000164e-06 3.421600000000000197e+00
9.891500000000000078e-06 3.421499999999999986e+00
9.926999999999999992e-06 3.421499999999999986e+00
9.962700000000000345e-06 3.421499999999999986e+00
9.998599999999999442e-06 3.421499999999999986e+00
1.003499999999999964e-05 3.421499999999999986e+00
1.007099999999999895e-05 3.421499999999999986e+00
1.010699999999999996e-05 3.421499999999999986e+00
1.014300000000000097e-05 3.421499999999999986e+00
1.017999999999999909e-05 3.421499999999999986e+00
1.021600000000000011e-05 3.421499999999999986e+00
1.025299999999999992e-05 3.421499999999999986e+00
1.028999999999999974e-05 3.421499999999999986e+00
1.032699999999999955e-05 3.421400000000000219e+00
1.036400000000000106e-05 3.421400000000000219e+00
1.040099999999999918e-05 3.421400000000000219e+00
1.043899999999999949e-05 3.421400000000000219e+00
1.047600000000000100e-05 3.421400000000000219e+00
1.051399999999999962e-05 3.421400000000000219e+00
1.055199999999999994e-05 3.421400000000000219e+00
1.059000000000000025e-05 3.421400000000000219e+00
1.062800000000000057e-05 3.421400000000000219e+00
1.066600000000000088e-05 3.421400000000000219e+00
1.070500000000000000e-05 3.421400000000000219e+00
1.074300000000000031e-05 3.421400000000000219e+00
1.078199999999999943e-05 3.421400000000000219e+00
1.081999999999999974e-05 3.421400000000000219e+00
1.085900000000000056e-05 3.421400000000000219e+00
1.089799999999999967e-05 3.421300000000000008e+00
1.093800000000000099e-05 3.421300000000000008e+00
1.097700000000000010e-05 3.421300000000000008e+00
1.101599999999999922e-05 3.421300000000000008e+00
1.105599999999999884e-05 3.421300000000000008e+00
1.109600000000000015e-05 3.421300000000000008e+00
1.113599999999999977e-05 3.421300000000000008e+00
1.117599999999999938e-05 3.421300000000000008e+00
1.121599999999999900e-05 3.421300000000000008e+00
1.125600000000000031e-05 3.421300000000000008e+00
1.129700000000000043e-05 3.421300000000000008e+00
1.133799999999999885e-05 3.421300000000000008e+00
1.137800000000000016e-05 3.421300000000000008e+00
1.141900000000000028e-05 3.421300000000000008e+00
1.146000000000000039e-05 3.421199999999999797e+00
1.150200000000000101e-05 3.421199999999999797e+00
1.154299999999999943e-05 3.421199999999999797e+00
1.158399999999999954e-05 3.421199999999999797e+00
1.162600000000000016e-05 3.421199999999999797e+00
1.166799999999999908e-05 3.421199999999999797e+00
1.171000000000000139e-05 3.421199999999999797e+00
1.175200000000000031e-05 3.421199999999999797e+00
1.179400000000000092e-05 3.421199999999999797e+00
1.183700000000000034e-05 3.421199999999999797e+00
1.187899999999999926e-05 3.421199999999999797e+00
1.192200000000000037e-05 3.421199999999999797e+00
1.196499999999999979e-05 3.421199999999999797e+00
1.200799999999999921e-05 3.421199999999999797e+00
1.205100000000000032e-05 3.421100000000000030e+00
1.209399999999999974e-05 3.421100000000000030e+00
1.213799999999999966e-05 3.421100000000000030e+00
1.218199999999999958e-05 3.421100000000000030e+00
1.222499999999999900e-05 3.421100000000000030e+00
1.226900000000000061e-05 3.421100000000000030e+00
1.231399999999999933e-05 3.421100000000000030e+00
1.235800000000000094e-05 3.421100000000000030e+00
1.240199999999999917e-05 3.421100000000000030e+00
1.244699999999999958e-05 3.421100000000000030e+00
1.249200000000000169e-05 3.421100000000000030e+00
1.253700000000000041e-05 3.421100000000000030e+00
1.258200000000000083e-05 3.421100000000000030e+00
1.262700000000000125e-05 3.420999999999999819e+00
1.267199999999999997e-05 3.420999999999999819e+00
1.271799999999999919e-05 3.420999999999999819e+00
1.276400000000000010e-05 3.420999999999999819e+00
1.281000000000000102e-05 3.420999999999999819e+00
1.285600000000000024e-05 3.420999999999999819e+00
1.290199999999999946e-05 3.420999999999999819e+00
1.294800000000000038e-05 3.420999999999999819e+00
1.299499999999999840e-05 3.420999999999999819e+00
1.304199999999999981e-05 3.420999999999999819e+00
1.308900000000000123e-05 3.420999999999999819e+00
1.313599999999999925e-05 3.420999999999999819e+00
1.318300000000000067e-05 3.420999999999999819e+00
1.323000000000000039e-05 3.420900000000000052e+00
1.327800000000000060e-05 3.420900000000000052e+00
1.332600000000000082e-05 3.420900000000000052e+00
1.337400000000000104e-05 3.420900000000000052e+00
1.342200000000000126e-05 3.420900000000000052e+00
1.347000000000000148e-05 3.420900000000000052e+00
1.351900000000000050e-05 3.420900000000000052e+00
1.356700000000000072e-05 3.420900000000000052e+00
1.361599999999999974e-05 3.420900000000000052e+00
1.366499999999999876e-05 3.420900000000000052e+00
1.371400000000000117e-05 3.420900000000000052e+00
1.376300000000000020e-05 3.420900000000000052e+00
1.381300000000000141e-05 3.420900000000000052e+00
1.386299999999999924e-05 3.420900000000000052e+00
1.391200000000000165e-05 3.420900000000000052e+00
1.396299999999999997e-05 3.420900000000000052e+00
1.401299999999999950e-05 3.420799999999999841e+00
1.406300000000000071e-05 3.420799999999999841e+00
1.411400000000000073e-05 3.420799999999999841e+00
1.416499999999999906e-05 3.420799999999999841e+00
1.421500000000000027e-05 3.420799999999999841e+00
1.426699999999999910e-05 3.420799999999999841e+00
1.431799999999999912e-05 3.420799999999999841e+00
1.436899999999999914e-05 3.420799999999999841e+00
1.442099999999999966e-05 3.420799999999999841e+00
1.447300000000000017e-05 3.420799999999999841e+00
1.452500000000000069e-05 3.420799999999999841e+00
1.457699999999999952e-05 3.420799999999999841e+00
1.463000000000000053e-05 3.420799999999999841e+00
1.468200000000000105e-05 3.420799999999999841e+00
1.473499999999999868e-05 3.420799999999999841e+00
1.478799999999999970e-05 3.420700000000000074e+00
1.484099999999999902e-05 3.420700000000000074e+00
1.489499999999999884e-05 3.420700000000000074e+00
1.494799999999999986e-05 3.420700000000000074e+00
1.500200000000000138e-05 3.420700000000000074e+00
1.505599999999999951e-05 3.420700000000000074e+00
1.510999999999999933e-05 3.420700000000000074e+00
1.516499999999999965e-05 3.420700000000000074e+00
1.521899999999999947e-05 3.420700000000000074e+00
1.527399999999999979e-05 3.420700000000000074e+00
1.532900000000000180e-05 3.420700000000000074e+00
1.538400000000000043e-05 3.420700000000000074e+00
1.543899999999999906e-05 3.420700000000000074e+00
1.549499999999999988e-05 3.420700000000000074e+00
1.555100000000000069e-05 3.420700000000000074e+00
1.560699999999999813e-05 3.420700000000000074e+00
1.566299999999999894e-05 3.420700000000000074e+00
1.571899999999999976e-05 3.420700000000000074e+00
1.577599999999999939e-05 3.420700000000000074e+00
1.583200000000000021e-05 3.420700000000000074e+00
1.588899999999999983e-05 3.420599999999999863e+00
1.594599999999999945e-05 3.420599999999999863e+00
1.600400000000000127e-05 3.420599999999999863e+00
1.606100000000000089e-05 3.420599999999999863e+00
1.611899999999999932e-05 3.420599999999999863e+00
1.617700000000000114e-05 3.420599999999999863e+00
1.623499999999999957e-05 3.420599999999999863e+00
1.629400000000000019e-05 3.420599999999999863e+00
1.635200000000000200e-05 3.420599999999999863e+00
1.641100000000000263e-05 3.420599999999999863e+00
1.646999999999999986e-05 3.420599999999999863e+00
1.652900000000000048e-05 3.420599999999999863e+00
1.658899999999999990e-05 3.420599999999999863e+00
1.664899999999999933e-05 3.420599999999999863e+00
1.670799999999999995e-05 3.420599999999999863e+00
1.676899999999999818e-05 3.420599999999999863e+00
1.682900000000000099e-05 3.420599999999999863e+00
1.688900000000000042e-05 3.420599999999999863e+00
1.694999999999999865e-05 3.420599999999999863e+00
1.701100000000000027e-05 3.420599999999999863e+00
1.707199999999999850e-05 3.420599999999999863e+00
1.713399999999999892e-05 3.420599999999999863e+00
1.719500000000000054e-05 3.420599999999999863e+00
1.725700000000000096e-05 3.420599999999999863e+00
1.731899999999999800e-05 3.420599999999999863e+00
1.738200000000000061e-05 3.420599999999999863e+00
1.744399999999999765e-05 3.420599999999999863e+00
1.750700000000000026e-05 3.420500000000000096e+00
1.756999999999999949e-05 3.420500000000000096e+00
1.763299999999999872e-05 3.420500000000000096e+00
1.769600000000000133e-05 3.420500000000000096e+00
1.776000000000000275e-05 3.420500000000000096e+00
1.782400000000000079e-05 3.420500000000000096e+00
1.788800000000000221e-05 3.420500000000000096e+00
1.795200000000000024e-05 3.420500000000000096e+00
1.801700000000000046e-05 3.420500000000000096e+00
1.808200000000000069e-05 3.420500000000000096e+00
1.814699999999999752e-05 3.420500000000000096e+00
1.821200000000000114e-05 3.420500000000000096e+00
1.827800000000000017e-05 3.420500000000000096e+00
1.834300000000000039e-05 3.420500000000000096e+00
1.840899999999999942e-05 3.420500000000000096e+00
1.847600000000000064e-05 3.420500000000000096e+00
1.854200000000000306e-05 3.420500000000000096e+00
1.860900000000000089e-05 3.420500000000000096e+00
1.867599999999999873e-05 3.420500000000000096e+00
1.874299999999999995e-05 3.420500000000000096e+00
1.880999999999999778e-05 3.420500000000000096e+00
1.887800000000000120e-05 3.420500000000000096e+00
1.894600000000000122e-05 3.420500000000000096e+00
1.901399999999999786e-05 3.420500000000000096e+00
1.908200000000000128e-05 3.420500000000000096e+00
1.915100000000000011e-05 3.420500000000000096e+00
1.921999999999999894e-05 3.420399999999999885e+00
1.928900000000000116e-05 3.420399999999999885e+00
1.935900000000000218e-05 3.420399999999999885e+00
1.942800000000000101e-05 3.420399999999999885e+00
1.949800000000000204e-05 3.420399999999999885e+00
1.956800000000000306e-05 3.420399999999999885e+00
1.963899999999999950e-05 3.420399999999999885e+00
1.970900000000000053e-05 3.420399999999999885e+00
1.978000000000000035e-05 3.420399999999999885e+00
1.985100000000000018e-05 3.420399999999999885e+00
1.992299999999999882e-05 3.420399999999999885e+00
1.999399999999999864e-05 3.420399999999999885e+00
2.006599999999999728e-05 3.420399999999999885e+00
2.013800000000000269e-05 3.420399999999999885e+00
2.021100000000000012e-05 3.420399999999999885e+00
2.028399999999999756e-05 3.420399999999999885e+00
2.035699999999999839e-05 3.420399999999999885e+00
2.042999999999999921e-05 3.420399999999999885e+00
2.050300000000000004e-05 3.420399999999999885e+00
2.057700000000000306e-05 3.420399999999999885e+00
2.065099999999999930e-05 3.420399999999999885e+00
2.072500000000000232e-05 3.420399999999999885e+00
2.080000000000000075e-05 3.420399999999999885e+00
2.087499999999999919e-05 3.420399999999999885e+00
2.094999999999999762e-05 3.420399999999999885e+00
2.102499999999999945e-05 3.420399999999999885e+00
2.110100000000000007e-05 3.420399999999999885e+00
2.117700000000000070e-05 3.420399999999999885e+00
2.125300000000000133e-05 3.420399999999999885e+00
2.132900000000000196e-05 3.420300000000000118e+00
2.140599999999999800e-05 3.420300000000000118e+00
2.148300000000000082e-05 3.420300000000000118e+00
2.156000000000000025e-05 3.420300000000000118e+00
2.163800000000000188e-05 3.420300000000000118e+00
2.171600000000000011e-05 3.420300000000000118e+00
2.179400000000000174e-05 3.420300000000000118e+00
2.187199999999999998e-05 3.420300000000000118e+00
2.195100000000000041e-05 3.420300000000000118e+00
2.203000000000000083e-05 3.420300000000000118e+00
2.210900000000000126e-05 3.420300000000000118e+00
2.218900000000000050e-05 3.420300000000000118e+00
2.226800000000000093e-05 3.420300000000000118e+00
2.234899999999999897e-05 3.420300000000000118e+00
2.242899999999999820e-05 3.420300000000000118e+00
2.251000000000000302e-05 3.420300000000000118e+00
2.259100000000000105e-05 3.420300000000000118e+00
2.267199999999999909e-05 3.420300000000000118e+00
2.275300000000000052e-05 3.420300000000000118e+00
2.283500000000000075e-05 3.420300000000000118e+00
2.291700000000000098e-05 3.420300000000000118e+00
2.300000000000000002e-05 3.420300000000000118e+00
2.308299999999999905e-05 3.420300000000000118e+00
2.316600000000000148e-05 3.420300000000000118e+00
2.324899999999999713e-05 3.420300000000000118e+00
2.333299999999999835e-05 3.420300000000000118e+00
2.341600000000000078e-05 3.420300000000000118e+00
2.350100000000000081e-05 3.420300000000000118e+00
2.358500000000000204e-05 3.420300000000000118e+00
2.367000000000000207e-05 3.420300000000000118e+00
2.375499999999999872e-05 3.420300000000000118e+00
2.384100000000000094e-05 3.420300000000000118e+00
2.392599999999999759e-05 3.420199999999999907e+00
2.401199999999999982e-05 3.420199999999999907e+00
2.409900000000000085e-05 3.420199999999999907e+00
2.418599999999999849e-05 3.420199999999999907e+00
2.427299999999999952e-05 3.420199999999999907e+00
2.436000000000000055e-05 3.420199999999999907e+00
2.444699999999999819e-05 3.420199999999999907e+00
2.453500000000000141e-05 3.420199999999999907e+00
2.462400000000000005e-05 3.420199999999999907e+00
2.471199999999999989e-05 3.420199999999999907e+00
2.480099999999999853e-05 3.420199999999999907e+00
2.489000000000000056e-05 3.420199999999999907e+00
2.498000000000000139e-05 3.420199999999999907e+00
2.506999999999999883e-05 3.420199999999999907e+00
2.515999999999999967e-05 3.420199999999999907e+00
2.525000000000000050e-05 3.420199999999999907e+00
2.534100000000000014e-05 3.420199999999999907e+00
2.543199999999999977e-05 3.420199999999999907e+00
2.552400000000000160e-05 3.420199999999999907e+00
2.561600000000000004e-05 3.420199999999999907e+00
2.570799999999999849e-05 3.420199999999999907e+00
2.580000000000000031e-05 3.420199999999999907e+00
2.589300000000000095e-05 3.420199999999999907e+00
2.598600000000000158e-05 3.420199999999999907e+00
2.607999999999999763e-05 3.420199999999999907e+00
2.617400000000000046e-05 3.420199999999999907e+00
2.626799999999999990e-05 3.420199999999999907e+00
2.636199999999999934e-05 3.420199999999999907e+00
2.645700000000000097e-05 3.420100000000000140e+00
2.655199999999999921e-05 3.420100000000000140e+00
2.664799999999999965e-05 3.420100000000000140e+00
2.674400000000000009e-05 3.420100000000000140e+00
2.684000000000000052e-05 3.420100000000000140e+00
2.693600000000000096e-05 3.420100000000000140e+00
2.703300000000000020e-05 3.420100000000000140e+00
2.712999999999999944e-05 3.420100000000000140e+00
2.722800000000000087e-05 3.420100000000000140e+00
2.732599999999999892e-05 3.420100000000000140e+00
2.742400000000000035e-05 3.420100000000000140e+00
2.752300000000000059e-05 3.420100000000000140e+00
2.762200000000000083e-05 3.420100000000000140e+00
2.772100000000000107e-05 3.420100000000000140e+00
2.782100000000000011e-05 3.420100000000000140e+00
2.792099999999999915e-05 3.420100000000000140e+00
2.802199999999999700e-05 3.420100000000000140e+00
2.812199999999999943e-05 3.420100000000000140e+00
2.822399999999999947e-05 3.420100000000000140e+00
2.832500000000000070e-05 3.420100000000000140e+00
2.842700000000000074e-05 3.420100000000000140e+00
2.852900000000000078e-05 3.420100000000000140e+00
2.863200000000000302e-05 3.420100000000000140e+00
2.873499999999999847e-05 3.420100000000000140e+00
2.883800000000000070e-05 3.420100000000000140e+00
2.894200000000000174e-05 3.420100000000000140e+00
2.904599999999999939e-05 3.419999999999999929e+00
2.914999999999999704e-05 3.419999999999999929e+00
2.925500000000000027e-05 3.419999999999999929e+00
2.936100000000000230e-05 3.419999999999999929e+00
2.946600000000000215e-05 3.419999999999999929e+00
2.957200000000000079e-05 3.419999999999999929e+00
2.967899999999999824e-05 3.419999999999999929e+00
2.978500000000000028e-05 3.419999999999999929e+00
2.989200000000000112e-05 3.419999999999999929e+00
3.000000000000000076e-05 3.419999999999999929e+00
