2.500000000000000416e-07 2.400271959999999982e+00
2.599999999999999988e-07 2.383121029999999863e+00
2.700000000000000090e-07 2.366270150000000072e+00
2.800000000000000191e-07 2.349818480000000154e+00
2.900000000000000292e-07 2.333798170000000116e+00
3.000000000000000394e-07 2.318208520000000217e+00
3.099999999999999966e-07 2.303035420000000055e+00
3.200000000000000067e-07 2.288262120000000177e+00
3.300000000000000168e-07 2.273874750000000056e+00
3.400000000000000270e-07 2.259864729999999877e+00
3.500000000000000371e-07 2.246229229999999966e+00
3.600000000000000472e-07 2.232970460000000212e+00
3.700000000000000044e-07 2.220094299999999965e+00
3.800000000000000146e-07 2.207608299999999968e+00
3.900000000000000247e-07 2.195519449999999928e+00
4.000000000000000348e-07 2.183831039999999835e+00
4.100000000000000450e-07 2.172538020000000181e+00
4.200000000000000022e-07 2.161617290000000136e+00
4.300000000000000123e-07 2.150998589999999933e+00
4.400000000000000224e-07 2.140372700000000350e+00
4.500000000000000326e-07 2.129963159999999966e+00
4.600000000000000427e-07 2.121498750000000211e+00
4.700000000000000528e-07 2.114008909999999908e+00
4.800000000000000630e-07 2.107255270000000014e+00
4.900000000000000731e-07 2.101106489999999827e+00
5.000000000000000833e-07 2.095472950000000001e+00
5.099999999999999875e-07 2.090287260000000202e+00
5.199999999999999976e-07 2.085495929999999998e+00
5.300000000000000078e-07 2.081055039999999856e+00
5.400000000000000179e-07 2.076927720000000033e+00
5.500000000000000281e-07 2.073082540000000140e+00
5.600000000000000382e-07 2.069492400000000121e+00
5.700000000000000483e-07 2.066133699999999962e+00
5.800000000000000585e-07 2.062985729999999851e+00
5.900000000000000686e-07 2.060030250000000063e+00
6.000000000000000787e-07 2.057251060000000020e+00
6.100000000000000889e-07 2.054633749999999814e+00
6.199999999999999931e-07 2.052165399999999806e+00
6.300000000000000033e-07 2.049834450000000086e+00
6.400000000000000134e-07 2.047630470000000091e+00
6.500000000000000235e-07 2.045544060000000108e+00
6.600000000000000337e-07 2.043566690000000019e+00
6.700000000000000438e-07 2.041690630000000173e+00
6.800000000000000539e-07 2.039908839999999834e+00
6.900000000000000641e-07 2.038214910000000213e+00
7.000000000000000742e-07 2.036602980000000063e+00
7.100000000000000843e-07 2.035067680000000045e+00
7.200000000000000945e-07 2.033604089999999864e+00
7.299999999999999987e-07 2.032207689999999900e+00
7.400000000000000089e-07 2.030874310000000182e+00
7.500000000000000190e-07 2.029600120000000008e+00
7.600000000000000291e-07 2.028381589999999957e+00
7.700000000000000393e-07 2.027215430000000040e+00
7.800000000000000494e-07 2.026098619999999961e+00
7.900000000000000595e-07 2.025028339999999982e+00
8.000000000000000697e-07 2.024001989999999918e+00
8.100000000000000798e-07 2.023017149999999820e+00
8.200000000000000899e-07 2.022071550000000162e+00
8.300000000000001001e-07 2.021163100000000323e+00
8.400000000000000043e-07 2.020289839999999781e+00
8.500000000000000145e-07 2.019449939999999888e+00
8.600000000000000246e-07 2.018641679999999994e+00
8.700000000000000347e-07 2.017863479999999932e+00
8.800000000000000449e-07 2.017113820000000057e+00
8.900000000000000550e-07 2.016391309999999937e+00
9.000000000000000652e-07 2.015694630000000043e+00
9.100000000000000753e-07 2.015022539999999918e+00
9.200000000000000854e-07 2.014373879999999950e+00
9.300000000000000956e-07 2.013747550000000164e+00
9.400000000000001057e-07 2.013142530000000097e+00
9.500000000000000100e-07 2.012557839999999931e+00
9.600000000000001260e-07 2.011992569999999869e+00
9.700000000000000302e-07 2.011445859999999808e+00
9.800000000000001462e-07 2.010916899999999785e+00
9.900000000000000505e-07 2.010404899999999717e+00
1.000000000000000167e-06 2.009909149999999922e+00
1.010000000000000071e-06 2.009428960000000153e+00
1.019999999999999975e-06 2.008963669999999979e+00
1.030000000000000091e-06 2.008512660000000061e+00
1.039999999999999995e-06 2.008075359999999865e+00
1.050000000000000111e-06 2.007651189999999808e+00
1.060000000000000016e-06 2.007239639999999881e+00
1.070000000000000132e-06 2.006840210000000013e+00
1.080000000000000036e-06 2.006452410000000075e+00
1.090000000000000152e-06 2.006075810000000015e+00
1.100000000000000056e-06 2.005709949999999964e+00
1.110000000000000172e-06 2.005354440000000071e+00
1.120000000000000076e-06 2.005008890000000044e+00
1.129999999999999981e-06 2.004672919999999969e+00
1.140000000000000097e-06 2.004346180000000199e+00
1.150000000000000001e-06 2.004028330000000135e+00
1.160000000000000117e-06 2.003719049999999946e+00
1.170000000000000021e-06 2.003418019999999800e+00
1.180000000000000137e-06 2.003124970000000005e+00
1.190000000000000041e-06 2.002839600000000164e+00
1.200000000000000157e-06 2.002561640000000143e+00
1.210000000000000062e-06 2.002290850000000066e+00
1.220000000000000178e-06 2.002026970000000183e+00
1.230000000000000082e-06 2.001769760000000176e+00
1.239999999999999986e-06 2.001519019999999927e+00
1.250000000000000102e-06 2.001274510000000006e+00
1.260000000000000007e-06 2.001036029999999855e+00
1.270000000000000123e-06 2.000803379999999798e+00
1.280000000000000027e-06 2.000576380000000043e+00
1.290000000000000143e-06 2.000354839999999967e+00
1.300000000000000047e-06 2.000138580000000221e+00
1.310000000000000163e-06 1.999927440000000001e+00
1.320000000000000067e-06 1.999721269999999995e+00
1.330000000000000183e-06 1.999519889999999966e+00
1.340000000000000088e-06 1.999323160000000099e+00
1.349999999999999992e-06 1.999130950000000073e+00
1.430000000000000073e-06 1.997740150000000048e+00
1.440000000000000189e-06 1.997582919999999929e+00
1.450000000000000093e-06 1.997429040000000100e+00
1.459999999999999997e-06 1.997278399999999898e+00
1.470000000000000113e-06 1.997130929999999971e+00
1.480000000000000018e-06 1.996986520000000098e+00
1.490000000000000134e-06 1.996845109999999979e+00
1.500000000000000038e-06 1.996706590000000059e+00
1.510000000000000154e-06 1.996570899999999815e+00
1.520000000000000058e-06 1.996437959999999956e+00
1.530000000000000174e-06 1.996307690000000079e+00
1.540000000000000079e-06 1.996180019999999944e+00
1.550000000000000195e-06 1.996054889999999915e+00
1.560000000000000099e-06 1.995932229999999974e+00
1.570000000000000003e-06 1.995811959999999941e+00
1.580000000000000119e-06 1.995694040000000058e+00
1.590000000000000023e-06 1.995578399999999863e+00
1.600000000000000139e-06 1.995464979999999944e+00
1.610000000000000044e-06 1.995353719999999997e+00
1.620000000000000160e-06 1.995244570000000106e+00
1.630000000000000064e-06 1.995137479999999908e+00
1.640000000000000180e-06 1.995032389999999989e+00
1.650000000000000084e-06 1.994929259999999926e+00
1.660000000000000200e-06 1.994828040000000025e+00
1.670000000000000104e-06 1.994728669999999981e+00
1.680000000000000009e-06 1.994631129999999919e+00
1.690000000000000125e-06 1.994535350000000040e+00
1.700000000000000029e-06 1.994441300000000084e+00
1.710000000000000145e-06 1.994348940000000070e+00
1.720000000000000049e-06 1.994258220000000081e+00
1.730000000000000165e-06 1.994169110000000078e+00
1.740000000000000069e-06 1.994081570000000081e+00
1.750000000000000186e-06 1.993995570000000050e+00
