2.500000000000000416e-07 3.484222970000000474e-01
2.599999999999999988e-07 3.069486080000000117e-01
2.700000000000000090e-07 2.706165719999999997e-01
2.800000000000000191e-07 2.385504939999999741e-01
2.900000000000000292e-07 2.100790019999999869e-01
3.000000000000000394e-07 1.846834189999999876e-01
3.099999999999999966e-07 1.619590870000000016e-01
3.200000000000000067e-07 1.415864119999999948e-01
3.300000000000000168e-07 1.233091449999999950e-01
3.400000000000000270e-07 1.069180469999999883e-01
3.500000000000000371e-07 9.223860749999999997e-02
3.600000000000000472e-07 7.912184419999999940e-02
3.700000000000000044e-07 6.743747079999999616e-02
3.800000000000000146e-07 5.706890660000000365e-02
3.900000000000000247e-07 4.790971160000000173e-02
4.000000000000000348e-07 3.986112730000000021e-02
4.100000000000000450e-07 3.283046480000000045e-02
4.200000000000000022e-07 2.673014379999999815e-02
4.300000000000000123e-07 2.147728750000000089e-02
4.400000000000000224e-07 1.699463810000000075e-02
4.500000000000000326e-07 1.493318570000000053e-02
4.600000000000000427e-07 1.349027429999999882e-02
4.700000000000000528e-07 1.224188159999999893e-02
4.800000000000000630e-07 1.115688549999999980e-02
4.900000000000000731e-07 1.020948170000000009e-02
5.000000000000000833e-07 9.378447270000001348e-03
5.099999999999999875e-07 8.646300109999999553e-03
5.199999999999999976e-07 7.998583620000001074e-03
5.300000000000000078e-07 7.423288650000000113e-03
5.400000000000000179e-07 6.910391820000000296e-03
5.500000000000000281e-07 6.451487610000000705e-03
5.600000000000000382e-07 6.039494670000000211e-03
5.700000000000000483e-07 5.668420490000000179e-03
5.800000000000000585e-07 5.333172099999999340e-03
5.900000000000000686e-07 5.029403060000000626e-03
6.000000000000000787e-07 4.753389199999999426e-03
6.100000000000000889e-07 4.501927329999999734e-03
6.199999999999999931e-07 4.272252199999999889e-03
6.300000000000000033e-07 4.061968229999999951e-03
6.400000000000000134e-07 3.868992999999999825e-03
6.500000000000000235e-07 3.691510460000000174e-03
6.600000000000000337e-07 3.527931870000000202e-03
6.700000000000000438e-07 3.376863189999999588e-03
6.800000000000000539e-07 3.237077660000000062e-03
6.900000000000000641e-07 3.107492710000000092e-03
7.000000000000000742e-07 2.987150499999999785e-03
7.100000000000000843e-07 2.875201300000000074e-03
7.200000000000000945e-07 2.770889450000000274e-03
7.299999999999999987e-07 2.673541309999999827e-03
7.400000000000000089e-07 2.582554989999999873e-03
7.500000000000000190e-07 2.497391500000000018e-03
7.600000000000000291e-07 2.417567110000000234e-03
7.700000000000000393e-07 2.342646810000000111e-03
7.800000000000000494e-07 2.272238609999999940e-03
7.900000000000000595e-07 2.205988580000000157e-03
8.000000000000000697e-07 2.143576589999999712e-03
8.100000000000000798e-07 2.084712489999999627e-03
8.200000000000000899e-07 2.029132919999999691e-03
8.300000000000001001e-07 1.976598349999999886e-03
8.400000000000000043e-07 1.926890629999999981e-03
8.500000000000000145e-07 1.879810700000000010e-03
8.600000000000000246e-07 1.835176689999999840e-03
8.700000000000000347e-07 1.792822149999999956e-03
8.800000000000000449e-07 1.752594549999999867e-03
8.900000000000000550e-07 1.714353869999999834e-03
9.000000000000000652e-07 1.677971449999999826e-03
9.100000000000000753e-07 1.643328880000000059e-03
9.200000000000000854e-07 1.610317030000000095e-03
9.300000000000000956e-07 1.578835230000000169e-03
9.400000000000001057e-07 1.548790480000000009e-03
9.500000000000000100e-07 1.520096749999999899e-03
9.600000000000001260e-07 1.492674380000000040e-03
9.700000000000000302e-07 1.466449539999999888e-03
9.800000000000001462e-07 1.441353700000000057e-03
9.900000000000000505e-07 1.417323179999999995e-03
1.000000000000000167e-06 1.394298769999999721e-03
1.010000000000000071e-06 1.372225350000000040e-03
1.019999999999999975e-06 1.351051540000000042e-03
1.030000000000000091e-06 1.330729409999999993e-03
1.039999999999999995e-06 1.311214230000000164e-03
1.050000000000000111e-06 1.292464180000000044e-03
1.060000000000000016e-06 1.274440130000000079e-03
1.070000000000000132e-06 1.257105460000000011e-03
1.080000000000000036e-06 1.240425870000000071e-03
1.090000000000000152e-06 1.224369149999999943e-03
1.100000000000000056e-06 1.208905119999999873e-03
1.110000000000000172e-06 1.194005390000000113e-03
1.120000000000000076e-06 1.179643289999999893e-03
1.129999999999999981e-06 1.165793719999999980e-03
1.140000000000000097e-06 1.152433050000000033e-03
1.150000000000000001e-06 1.139539030000000057e-03
1.160000000000000117e-06 1.127090670000000005e-03
1.170000000000000021e-06 1.115068149999999926e-03
1.180000000000000137e-06 1.103452780000000128e-03
1.190000000000000041e-06 1.092226890000000091e-03
1.200000000000000157e-06 1.081373789999999935e-03
1.210000000000000062e-06 1.070877659999999992e-03
1.220000000000000178e-06 1.060723559999999892e-03
1.230000000000000082e-06 1.050897299999999958e-03
1.239999999999999986e-06 1.041385480000000174e-03
1.250000000000000102e-06 1.032175339999999919e-03
1.260000000000000007e-06 1.023254799999999973e-03
1.270000000000000123e-06 1.014612400000000159e-03
1.280000000000000027e-06 1.006237240000000012e-03
1.290000000000000143e-06 9.981189450000000057e-04
1.300000000000000047e-06 9.902476769999999859e-04
1.310000000000000163e-06 9.826140589999999078e-04
1.320000000000000067e-06 9.752091680000000810e-04
1.330000000000000183e-06 9.680245059999999842e-04
1.340000000000000088e-06 9.610519729999999995e-04
1.349999999999999992e-06 9.542838490000000746e-04
1.430000000000000073e-06 9.066800490000000070e-04
1.440000000000000189e-06 9.014569779999999106e-04
1.450000000000000093e-06 8.963778260000000199e-04
1.459999999999999997e-06 8.914378890000000492e-04
1.470000000000000113e-06 8.866326560000000259e-04
1.480000000000000018e-06 8.819578059999999770e-04
1.490000000000000134e-06 8.774091929999999892e-04
1.500000000000000038e-06 8.729828380000000240e-04
1.510000000000000154e-06 8.686749240000000462e-04
1.520000000000000058e-06 8.644817859999999552e-04
1.530000000000000174e-06 8.603999030000000509e-04
1.540000000000000079e-06 8.564258909999999773e-04
1.550000000000000195e-06 8.525564990000000396e-04
1.560000000000000099e-06 8.487886019999999311e-04
1.570000000000000003e-06 8.451191920000000702e-04
1.580000000000000119e-06 8.415453769999999781e-04
1.590000000000000023e-06 8.380643720000000496e-04
1.600000000000000139e-06 8.346734979999999304e-04
1.610000000000000044e-06 8.313701730000000716e-04
1.620000000000000160e-06 8.281519109999999984e-04
1.630000000000000064e-06 8.250163159999999605e-04
1.640000000000000180e-06 8.219610769999999766e-04
1.650000000000000084e-06 8.189839690000000469e-04
1.660000000000000200e-06 8.160828440000000806e-04
1.670000000000000104e-06 8.132556290000000129e-04
1.680000000000000009e-06 8.105003260000000209e-04
1.690000000000000125e-06 8.078150040000000144e-04
1.700000000000000029e-06 8.051977989999999606e-04
1.710000000000000145e-06 8.026469120000000006e-04
1.720000000000000049e-06 8.001606050000000317e-04
1.730000000000000165e-06 7.977371970000000489e-04
1.740000000000000069e-06 7.953750640000000361e-04
1.750000000000000186e-06 7.930726349999999824e-04
